100
10 5 1
1 20 2
5 3 15
18 14 15
34 29 29
10 5 1
1 20 2
5 3 15
18 14 15
34 29 29
10 5 1
1 20 2
5 3 15
18 14 15
34 29 29
10 5 1
1 20 2
5 3 15
18 14 15
34 29 29
10 5 1
1 20 2
5 3 15
18 14 15
34 29 29
10 5 1
1 20 2
5 3 15
18 14 15
34 29 29
10 5 1
1 20 2
5 3 15
18 14 15
34 29 29
10 5 1
1 20 2
5 3 15
18 14 15
34 29 29
10 5 1
1 20 2
5 3 15
18 14 15
34 29 29
10 5 1
1 20 2
5 3 15
18 14 15
34 29 29
10 5 1
1 20 2
5 3 15
18 14 15
34 29 29
10 5 1
1 20 2
5 3 15
18 14 15
34 29 29
10 5 1
1 20 2
5 3 15
18 14 15
34 29 29
10 5 1
1 20 2
5 3 15
18 14 15
34 29 29
10 5 1
1 20 2
5 3 15
18 14 15
34 29 29
10 5 1
1 20 2
5 3 15
18 14 15
34 29 29
10 5 1
1 20 2
5 3 15
18 14 15
34 29 29
10 5 1
1 20 2
5 3 15
18 14 15
34 29 29
10 5 1
1 20 2
5 3 15
18 14 15
34 29 29
10 5 1
1 20 2
5 3 15
18 14 15
34 29 29
