100
-5 -7
8 6
6 -3
2 1
8 -5
-5 -7
8 6
6 -3
2 1
8 -56
7 -3
-5 -7
8 6
2 1
8 -5
-5 -7
8 -6
6 -3
2 1
8 -5
-5 -7
8 6
6 -3
2 1
8 -5
-5 -7
8 6
6 -3
2 1
8 -5
-5 -7
8 6
6 -3
2 1
8 -5
-5 -7
8 6
6 -3
2 1
8 -5
-5 -7
8 6
6 -3
2 1
8 -5
-5 -7
8 6
6 -3
2 1
8 -5
-5 -7
8 6
6 -3
2 1
8 -5
-5 -7
8 6
6 -3
2 1
8 -5
-5 -7
8 6
6 -3
2 1
8 -5
-5 -7
8 6
6 -3
2 1
8 -5
-5 -7
8 6
6 -3
2 1
8 -5
-5 -7
8 6
6 -3
2 1
8 -5
-5 -7
8 6
6 -3
2 1
8 -5
-5 -7
8 6
6 -3
2 1
8 -5
-5 -7
8 6
6 -3
2 1
8 -5
-5 -7
8 6
6 -3
2 1
8 -5
-5 -7
8 6
6 -3
2 1
8 -5
-5 -7
8 6
6 -3
2 1
8 -5
-5 -7
8 6
6 -3
2 1
8 -5
-5 -7
8 6
6 -3
2 1
8 -5
-5 -7
8 6
6 -3
2 1
8 -5
-5 -7
8 6
6 -3
2 1
8 -5
-5 -7
8 6
6 -3
2 1
8 -5
-5 -7
8 6
6 -3
2 1
8 -5
-5 -7
8 6
6 -3
2 1
8 -5
-5 -7
8 6
6 -3
2 1
8 -5
-5 -7
8 6
6 -3
2 1
8 -5
-5 -7
8 6
6 -3
2 1
8 -5
-5 -7
8 6
6 -3
2 1
8 -5
-5 -7
8 6
6 -3
2 1
8 -5
-5 -7
8 6
6 -3
2 1
8 -5
-5 -7
8 6
6 -3
2 1
8 -5
-5 -7
8 6
6 -3
2 1
8 -5
-5 -7
8 6
6 -3
2 1
8 -5
