500 1000
348 225
199 455
152 42
40 146
162 195
178 6
3 232
306 317
35 175
36 119
436 127
326 58
323 234
107 267
380 97
403 64
73 297
240 148
221 460
98 494
372 260
234 311
112 122
120 232
249 1
274 463
286 221
394 36
365 293
227 465
62 470
159 115
158 302
35 468
107 390
335 454
302 294
364 28
417 266
398 301
315 175
247 259
397 404
445 485
270 214
192 271
402 355
129 397
368 344
60 351
312 353
360 100
334 183
457 199
465 362
105 58
408 347
104 156
307 74
347 197
370 290
317 308
14 330
131 374
284 499
168 173
496 487
412 2
40 30
6 484
365 380
462 473
117 159
176 149
392 20
166 74
378 64
91 302
174 101
282 21
47 203
5 1
348 113
403 300
311 239
453 105
479 56
179 339
383 391
391 243
424 422
145 101
91 483
164 272
477 84
109 494
269 372
174 420
217 455
195 32
177 257
162 96
125 300
250 160
420 44
311 239
80 102
269 14
149 269
412 315
428 262
3 120
445 370
282 176
242 32
364 435
401 239
239 154
145 174
129 262
215 442
445 485
292 424
450 380
299 95
297 16
336 98
84 321
349 347
349 439
99 85
147 282
34 37
103 78
116 16
258 137
403 107
220 50
272 270
411 239
361 210
312 84
58 321
198 413
462 469
36 476
211 274
396 309
141 320
279 345
460 259
55 98
270 196
271 202
271 123
153 107
349 5
213 55
11 258
326 312
408 5
480 312
211 126
37 71
376 227
210 335
379 136
237 27
80 170
68 388
241 349
302 408
164 47
162 462
110 183
450 61
111 118
29 307
335 454
148 258
241 197
85 66
489 431
193 255
192 348
478 297
88 289
255 229
119 320
379 403
191 152
144 245
388 256
151 208
338 457
22 42
92 259
8 286
284 160
443 280
31 15
487 26
154 285
260 418
365 113
262 457
211 38
491 376
165 27
290 426
176 418
371 29
462 65
437 333
27 130
257 260
47 214
360 443
147 149
161 38
63 463
8 24
433 198
365 185
10 417
346 110
465 280
146 205
210 454
498 31
261 102
319 25
422 267
276 143
75 172
336 183
95 309
100 376
492 137
264 314
271 380
141 375
427 454
386 261
82 441
60 328
107 388
62 197
41 89
298 399
342 372
274 129
297 29
269 329
307 304
234 411
490 93
431 338
292 68
223 109
216 167
104 408
406 454
287 278
318 95
169 145
92 132
96 456
214 164
57 317
314 177
394 476
282 325
120 355
403 424
493 75
411 234
53 460
235 384
215 37
267 157
465 443
451 24
194 108
94 221
177 251
401 206
23 385
91 124
133 215
250 219
262 397
454 381
48 84
431 274
156 369
397 305
351 294
238 255
442 233
112 301
223 183
418 18
378 157
388 368
398 419
68 409
14 269
146 373
273 421
126 404
264 418
123 186
206 464
449 113
422 409
340 149
38 407
203 173
101 174
169 475
139 278
37 233
241 302
470 350
241 294
247 143
209 365
17 478
16 29
292 103
92 132
297 74
309 318
72 171
38 199
454 254
290 196
260 421
281 117
218 99
137 318
447 48
192 440
67 13
308 44
368 390
421 342
315 2
422 256
141 255
268 500
420 90
205 391
197 369
17 163
112 231
103 220
178 6
168 12
57 425
210 361
249 369
270 370
193 468
260 176
368 344
271 392
245 144
224 171
273 25
163 297
254 205
145 317
121 277
271 209
293 348
169 467
22 212
193 481
474 292
65 265
237 130
275 445
269 21
297 128
126 431
397 63
242 248
303 104
200 365
286 472
341 485
256 390
460 155
194 108
351 347
49 77
200 392
487 346
137 190
372 257
492 240
293 365
201 12
360 490
471 252
353 402
68 103
398 234
384 77
52 402
282 177
463 428
442 208
457 407
151 130
91 369
247 155
5 351
419 154
190 337
140 93
58 312
234 46
246 472
160 142
179 492
72 63
18 329
493 399
126 72
37 237
402 493
474 107
192 449
419 43
266 393
93 362
112 311
405 254
221 216
497 178
86 11
369 347
428 181
406 39
294 310
390 292
369 439
452 27
409 89
64 300
167 246
228 471
448 374
431 211
141 481
342 430
205 381
210 361
344 41
161 199
164 270
451 216
228 435
161 457
439 156
103 474
334 33
7 80
7 486
139 131
344 41
255 175
194 309
385 456
483 156
51 235
163 17
399 120
422 89
38 274
64 300
113 450
45 228
28 437
314 410
14 325
78 41
235 290
192 97
122 231
178 242
329 273
484 497
245 423
244 100
478 127
314 340
454 205
354 6
390 403
358 80
36 35
381 405
490 429
20 202
364 357
341 173
296 94
393 154
329 260
8 327
238 375
263 268
440 450
118 277
236 258
18 177
120 232
262 217
317 90
343 37
150 277
104 310
264 177
97 200
146 39
472 83
33 263
315 375
112 417
252 281
124 328
358 359
444 494
239 266
58 52
403 424
200 295
75 355
424 78
32 242
43 10
403 103
379 256
462 6
367 458
312 321
114 261
356 149
402 232
149 366
346 33
456 484
378 103
424 379
431 274
483 91
163 297
309 396
88 476
89 482
135 70
156 328
58 312
360 187
126 404
438 245
287 433
223 263
213 110
410 147
47 164
118 413
258 179
125 103
421 372
138 7
258 11
19 234
177 356
360 429
39 40
409 379
424 409
19 10
405 383
151 458
482 50
27 165
364 252
134 11
311 19
160 362
367 358
14 325
43 46
349 5
3 453
156 310
79 483
333 117
87 444
99 140
283 317
5 483
232 447
89 78
460 327
426 203
470 241
383 391
214 42
356 273
385 32
209 15
345 119
176 372
94 246
486 138
298 453
238 88
15 293
462 195
443 465
15 200
123 380
298 120
146 335
197 156
193 2
265 382
469 23
392 123
371 163
463 431
224 38
262 338
22 77
303 241
102 165
361 427
19 10
461 307
452 486
213 110
181 407
129 407
60 104
249 349
298 81
247 286
308 306
279 88
223 213
169 467
390 50
54 205
477 48
474 78
50 68
136 292
461 16
275 42
231 239
22 270
129 407
455 188
49 77
354 248
348 498
98 415
166 461
125 220
238 476
375 35
290 201
408 60
474 300
350 439
87 253
255 119
296 24
178 456
334 444
81 321
463 126
254 361
184 230
427 432
456 385
367 130
230 471
47 106
162 354
120 402
128 127
344 78
211 338
233 486
292 157
76 128
211 455
322 331
211 63
141 375
475 90
319 330
282 340
429 160
481 377
413 131
234 46
13 154
453 105
112 419
266 231
21 356
439 303
83 216
280 490
135 6
18 14
367 208
154 401
486 133
101 420
99 227
201 212
89 220
335 391
8 24
209 186
232 52
58 105
62 351
353 58
457 407
119 481
64 422
319 269
277 118
94 132
422 136
272 168
393 464
99 160
223 334
242 96
113 200
137 318
434 299
222 472
54 438
422 267
268 33
66 465
262 217
348 113
105 84
78 422
10 311
351 349
366 329
447 477
101 425
488 180
30 406
232 353
440 61
288 296
245 454
269 257
406 391
364 28
38 489
234 419
465 99
327 143
283 90
391 405
123 61
463 188
383 361
490 219
351 332
183 415
299 240
292 220
238 229
440 295
421 418
356 322
66 142
64 107
392 380
320 141
296 276
18 264
256 390
286 94
137 396
135 462
178 96
71 386
429 491
365 15
379 368
421 366
208 80
295 365
294 249
100 160
492 148
203 235
128 69
61 450
216 143
276 132
458 114
70 96
82 283
191 275
373 291
457 463
160 66
205 30
225 209
235 445
155 132
26 183
209 449
319 325
168 152
390 107
351 241
67 19
482 50
284 142
379 300
91 197
126 63
370 212
77 22
270 341
56 435
476 289
96 23
420 9
282 372
457 129
214 191
379 403
18 410
165 27
21 177
206 13
122 231
212 370
123 348
93 362
417 401
125 424
312 477
259 143
320 119
129 161
342 330
463 199
379 78
65 178
52 207
175 279
295 186
115 333
336 87
337 148
64 78
276 92
87 55
389 218
246 53
231 206
169 441
12 341
242 484
365 123
158 104
66 499
495 73
485 168
419 239
442 367
449 202
369 483
87 415
76 371
322 18
254 454
54 146
466 473
287 111
395 84
94 83
194 108
329 264
32 242
457 224
381 427
263 487
482 103
490 142
412 345
341 196
331 25
292 153
80 7
435 357
317 174
440 202
138 170
278 198
296 132
76 436
36 88
369 60
130 102
308 57
96 162
304 16
134 339
428 199
24 222
176 149
122 411
494 444
230 479
157 78
216 416
287 180
157 300
3 395
474 78
67 285
281 4
54 335
254 438
438 30
228 281
147 177
449 192
102 237
296 416
492 148
257 319
56 414
206 464
459 238
21 410
427 205
296 155
410 342
50 424
250 142
71 452
347 197
385 456
345 315
128 163
251 331
282 372
455 404
79 158
270 42
133 165
386 358
346 26
252 479
171 188
149 356
271 15
356 21
466 354
216 451
104 79
413 121
290 270
269 260
462 497
379 64
480 399
137 258
120 453
8 246
313 485
494 268
298 399
426 173
