10000 100
1433 5481
2511 638
855 1406
4678 1512
2103 4153
2762 6053
2870 4925
3847 551
739 1826
650 1515
726 1962
1868 2136
1442 886
2003 3956
1640 7049
1877 5131
2436 845
3678 4306
4819 4661
123 7304
2557 307
3815 750
3600 1307
311 1689
3933 264
882 2054
3583 8334
731 5981
1128 3631
2649 9001
102 2209
3398 7543
4247 4592
663 9308
4025 8288
3308 2684
4574 4630
1881 3865
3565 3752
2996 3257
2563 8369
1864 1531
2116 9562
1593 731
1141 117
1841 804
2724 1596
2666 981
1259 8346
2324 5575
1344 6327
305 8254
1240 3818
1672 526
2270 9082
3463 9840
1606 2262
4053 1236
1815 7910
319 2073
4840 689
1737 7772
1938 3872
4647 5966
2335 1027
1252 6825
4345 3730
3378 2019
1726 1863
1099 5188
2842 2267
625 5125
421 1965
4409 1785
2327 2090
4501 337
1665 1289
3233 4874
4334 1383
4430 2121
3491 5459
470 5035
2522 5738
1071 2166
205 8357
1812 7796
337 8561
744 5745
608 2032
860 9282
228 30
242 3256
1065 7927
2035 2566
1202 8455
2759 2015
215 1762
579 3204
2302 5733
888 3213
1935 5724
4729 2085
44 4134
740 7435
4848 918
2837 6390
1791 8875
4840 3208
1335 6674
3742 2327
3526 8634
4425 2856
4076 120
2611 5356
2034 1852
4380 928
483 1988
3971 7280
3106 4368
4351 3340
3596 4374
3510 8493
215 2215
2405 5513
4083 4737
3761 9429
1448 1910
2646 9259
489 4621
1870 6541
4768 3144
988 9112
4961 5238
697 4700
899 6633
967 9547
1156 8218
317 304
3396 5628
2706 9058
3158 6622
1237 169
2042 7493
2988 4945
2110 1114
2395 5597
2711 8943
272 2813
2258 9160
2037 2850
1727 1976
2333 8481
1841 6633
3899 9255
87 1136
2863 1212
4023 2432
4050 9099
4307 6574
604 9345
2676 9349
1964 6852
4999 6731
4680 3414
3645 3043
3853 5098
3055 6197
2545 2742
1578 6635
1399 2105
2575 7213
2348 5679
2686 7871
1048 4562
4172 1257
1302 8228
2002 839
2087 1195
3233 8739
1243 5244
2098 6240
3514 1995
4275 6008
1355 9569
3535 8072
4235 3871
4004 4313
1288 9106
2931 5939
350 391
28 5630
1010 305
2681 3769
3549 5001
2635 8110
2115 8966
2746 933
2124 6189
4473 105
3099 6378
4728 3624
2021 5056
4447 9342
1628 7245
4623 772
1045 9746
1659 5765
3007 8929
615 850
3102 1207
3664 5510
2334 957
188 2140
4523 5818
4667 9168
5000 9691
2718 1571
1415 2725
4207 5651
969 8793
937 3802
4262 8506
778 1414
159 2092
2254 393
1233 1005
3165 2514
4293 2232
2872 6012
4823 39
32 7557
1635 8969
2840 257
4503 2197
4980 8576
1493 4318
2826 4829
3791 1879
1559 4313
1520 9657
2357 3544
4936 3842
2684 5450
504 144
2559 3228
335 9039
440 6080
2700 5551
4279 3626
2645 5353
391 2669
3808 9027
89 950
1000 5027
1804 9878
2963 4432
1765 4278
2705 5727
3460 4326
1367 525
3784 2838
2644 6792
2692 297
779 5411
1761 8455
1475 6793
3758 3394
340 1073
4766 395
459 5203
2313 5509
2711 3867
1325 4938
4005 8155
3126 1134
4097 5542
2163 3953
2070 5530
515 2216
272 4701
24 7118
4824 7676
332 6503
1399 2176
513 8693
2702 5153
277 591
2414 47
733 7934
4804 6415
1777 1546
1567 307
1089 1285
2669 8510
2334 7526
4002 4214
956 2056
3027 4651
4518 8660
1882 5302
3763 4205
2539 5877
4280 2650
3302 6935
2462 2969
2574 6819
3669 3218
4537 1806
2800 2378
2233 2780
195 9433
4379 6614
379 1310
2925 3693
422 209
109 6990
4259 6425
4048 7703
3674 6735
3961 1433
2294 6419
754 6702
4986 3022
583 7196
4547 376
2825 875
1916 9290
1697 4740
4039 5750
2326 6267
1843 4550
1216 3950
2289 2147
1742 3678
3668 4343
861 5085
4328 6420
4289 1656
1609 4278
169 9976
1887 8487
4710 1892
1169 3202
3605 6073
4384 9082
3310 2092
1205 7691
3763 3071
1454 993
2172 642
4165 649
594 8540
969 9476
4627 1067
1345 9523
1647 2120
1998 2751
2424 414
4088 3720
2871 5500
476 609
3924 217
1701 3161
357 7576
3665 5421
2324 6460
4765 8348
4874 5390
4635 7692
1416 5340
3930 7739
184 1940
3759 344
2007 7586
971 5379
4614 2550
4693 6930
3721 2409
4610 3702
4264 6402
1378 9022
1756 2788
4765 1050
4996 6634
4357 466
4112 5910
493 9896
2141 7925
3202 202
2699 2807
1810 6397
4611 1390
1651 5783
990 1461
1444 5740
3866 356
361 2684
461 6769
4315 1578
2911 9608
1943 2799
371 2462
161 3408
158 3203
832 2398
243 3734
3523 6973
991 3597
348 7735
521 2261
2876 4913
2667 2119
4695 7358
2703 2108
2106 1971
2924 130
2514 828
1584 5711
2918 4909
835 1077
3768 9834
4657 7351
4960 987
1464 8155
2026 7882
842 6880
4273 6079
1525 82
1236 2366
946 7996
2143 9023
4459 7582
3965 2447
648 2927
3981 245
2051 1188
1906 8248
4691 593
4128 4302
4398 5919
4004 7992
1451 3951
2931 6077
3647 8974
2918 5395
4693 7418
4204 4901
2059 7060
272 3922
1963 6870
493 6178
2880 1655
3455 3438
2298 6956
1500 2000
515 690
4683 1593
3882 5897
3075 5426
2896 931
3223 5893
4418 4381
1688 2061
4854 5533
1492 9883
897 1325
990 2523
1440 4167
2166 2342
1470 3730
1707 5608
653 2603
2469 581
640 631
320 6632
2721 3800
3942 4444
2095 3918
460 6639
394 4608
2688 9492
2090 1100
1473 1704
4276 6123
2871 3654
4398 3688
1309 5871
3006 1971
4621 2452
198 2625
3282 3110
2226 6230
2411 1697
3437 2085
543 1219
816 3303
4 275
1149 7562
2101 6432
2516 4028
3179 2744
316 3401
1562 2747
4188 2049
1168 4766
297 4606
4201 8564
99 5348
2047 9434
124 3193
3889 3138
608 8039
129 5362
187 4800
498 333
2408 4562
1777 2275
4422 459
2883 5413
2096 2430
2688 7916
188 4790
2246 7610
147 155
4041 8432
3643 5347
2146 642
2682 9882
294 5176
52 6229
144 1782
3087 9044
2361 2207
653 710
2615 3957
817 113
3604 660
2317 3490
4584 1312
1300 8754
2898 8908
3148 442
1123 6732
1230 4536
4347 8509
3096 5218
288 2835
3810 3434
3012 6404
4449 3795
2798 8756
1257 2275
1116 1823
1174 3738
3704 5486
2604 7730
1432 68
4829 3095
4091 5320
4403 7880
2840 4217
2639 9999
3801 4765
649 1102
1281 6026
2217 3146
2401 1096
4974 732
737 294
1677 9589
629 9628
3228 2
3005 7793
3615 7249
714 607
4402 2131
3478 9524
3504 5987
3252 826
332 2821
1336 7833
4639 4914
2319 1482
3113 1939
754 3327
1323 1660
2239 5218
228 8668
4289 9724
3170 9569
2585 2167
1851 753
3436 8950
2021 7926
3135 5187
243 1242
121 1417
1129 1812
376 6867
2474 4225
1071 1012
2503 6054
646 7417
4707 8693
266 4636
893 6047
3759 4330
1422 5241
4275 5383
3252 1585
4876 9536
1278 1955
125 9202
2072 7575
3557 1721
1673 1629
1601 6268
2419 2668
1587 6135
1731 7991
3698 1368
690 930
2452 3407
1211 1107
2562 4543
3230 8220
1827 9242
1060 4120
4915 6444
4892 4196
1309 8662
2749 4528
2799 2078
2005 2422
3261 4965
410 6346
1192 7130
199 1186
1041 6621
1665 1897
2641 9446
2795 2878
2034 3351
4030 5378
3603 6767
213 7458
4472 2289
4560 9010
3969 2564
934 4491
3564 9484
2745 5413
4901 889
3565 1417
2133 5950
586 5168
3240 7013
2682 7168
2707 1201
4212 5241
3614 1092
2394 1402
4119 6418
3848 4730
2191 9141
2078 1843
1785 6178
856 9793
1984 1053
3132 7868
1960 7049
1428 9282
328 5922
1204 2650
2982 270
1822 5092
2915 8705
2836 3860
2713 6848
246 9824
2858 8825
3117 5704
1907 9057
1983 8726
3449 5022
1052 4422
1986 4790
4464 5543
952 1527
2642 2979
1689 24
3891 9260
19 6191
3908 919
1878 7525
2970 8765
4673 8696
2699 1087
4842 8576
717 555
849 1332
2676 4909
4532 8797
2853 9895
472 8170
4474 1763
4590 1910
2573 1176
2284 8503
1175 2460
3470 2680
1891 6201
4117 1434
439 4035
1199 6102
2307 9336
1814 4119
2094 2489
2685 6838
2645 8457
2025 4101
3988 1939
4373 8287
2906 4449
4312 3424
2784 3850
738 7457
931 4187
4285 855
226 6074
745 3293
1050 998
1755 2047
2664 275
390 4201
2238 3685
4826 398
1674 7467
2884 3501
2283 7326
2318 1569
4542 9786
4393 6216
200 9420
2745 9767
4684 8060
2944 2716
200 573
3853 4916
3715 3475
4590 9854
2385 3748
3635 5439
1754 5026
1669 3879
448 2696
295 9156
4296 7683
3772 5302
4395 467
3681 2114
173 6338
3652 3387
1525 4340
2910 2590
1079 16
317 9213
1726 8686
1525 3199
494 625
4199 9429
569 3623
546 6928
863 1518
3442 7505
3332 8841
1822 209
1789 8276
1190 9074
755 9380
4269 533
4323 7154
3371 2446
1253 410
2110 8790
4588 5759
3643 2143
2629 5042
919 2301
4563 6290
2131 2066
1946 5158
4671 890
1131 2265
3573 9993
432 5716
514 4274
4521 4867
945 3401
4845 6545
2321 6315
2773 8485
2327 7693
1733 9297
2575 7218
2220 9720
495 7441
2527 2977
812 9366
3537 3257
210 40
989 8013
1382 4939
3711 9688
4390 5143
968 1050
2395 9320
4752 2346
4510 3735
873 3374
2217 9225
3858 1624
3887 4071
249 4962
4910 910
845 6158
2436 631
2442 1111
1080 2026
3206 3644
290 2718
3740 8062
3118 340
1735 4680
1373 9909
3161 1662
2629 8697
1540 7305
4050 8842
2641 3954
1100 9160
3632 7965
4051 1327
3231 8953
2664 6789
286 5317
1086 2088
4634 6357
817 5815
896 3844
3798 4000
3525 5964
4371 1610
3300 324
2424 2324
119 201
670 5054
3441 1169
247 1974
3612 2892
2503 1622
3734 1547
4985 3963
2474 4886
669 9482
1452 9224
4592 1310
3085 2718
4084 6773
904 800
682 2603
2683 3055
4917 663
1090 6512
1449 5029
3960 4455
1972 7284
1072 199
1051 8273
1204 4473
88 675
3051 8460
723 824
4776 7468
1183 5824
2625 7110
3583 8681
989 4810
2912 2586
3897 4066
1704 8773
3077 9811
1295 3526
4090 7393
813 8625
2655 583
341 7099
2381 215
1624 6279
1655 4239
3933 468
1006 5885
3887 1541
276 9637
2575 8561
4615 3856
4756 6860
3809 6999
1241 9542
13 8576
2726 610
1012 8856
1001 8218
2097 9714
350 2321
2434 6159
3372 777
1257 3086
3515 5847
3673 1878
139 3619
3572 8002
1814 7700
4660 1468
3120 6283
873 1917
4406 3502
579 6803
1654 7401
1361 7668
189 2816
2641 995
3318 9656
3392 4625
3545 3782
1660 2213
1843 3928
3760 1343
2709 6147
1488 8841
4327 301
4134 6607
934 4092
3548 2113
3499 8078
3067 8582
3590 3611
1227 3924
4203 2839
1164 5741
2524 1212
2605 2571
2775 184
211 5280
1969 6275
268 6615
2259 9284
1532 8399
1548 7316
3927 1577
512 3747
1616 5216
2696 2537
1194 7529
1465 6128
4293 9931
385 4912
2228 5680
3567 1451
1692 6700
4355 1371
2095 9694
934 5448
4074 1301
4651 94
1379 7700
4446 9038
4608 1353
3275 2804
3964 1803
3858 3689
1235 8946
1762 4714
1368 9979
2628 9625
708 6284
3250 8402
954 7621
1607 6609
3201 344
1104 4098
690 2090
900 3113
1682 7338
1864 675
546 3073
3982 2524
2485 8331
3750 8594
450 5781
4445 9434
731 8503
3966 9090
2645 7349
4383 8951
2393 6048
933 1912
1226 994
3250 3498
3984 6234
853 558
2604 8916
1675 6928
1741 4653
2070 3745
3858 8037
4587 1206
4505 3318
1511 1602
3624 469
2676 3186
3330 1030
3857 5336
780 837
952 3323
320 7666
101 1613
3618 476
627 2332
4201 8273
4904 9341
1720 4644
860 5334
1278 4481
590 554
466 8750
2680 1163
2499 626
3756 8155
3960 5450
1239 5779
2075 9513
3621 9448
4955 6304
2301 7002
3802 2270
1830 1007
892 9834
458 7808
3497 6767
66 2546
4333 295
1131 4792
1286 1195
4207 599
493 538
191 6890
3833 3448
2895 3351
3640 664
2010 6497
984 6285
424 3583
2277 782
45 222
2883 3209
732 5090
4807 8921
3611 1587
1417 5658
2945 9349
765 6444
1126 5512
1682 9398
794 130
745 8622
73 4745
4922 982
1884 1126
2437 6537
2899 8694
2661 6166
3075 3218
2753 315
1250 9122
2285 9654
2403 3070
1974 3689
3982 8869
445 8316
2118 7505
766 6487
2890 8506
3530 8048
1572 4138
4746 6322
78 6018
4252 5183
1743 8411
763 4806
184 575
322 8152
1939 6872
1977 7432
1470 1481
1451 2178
1900 5180
551 4142
2405 7372
1222 7428
2848 9573
3773 1233
950 6744
1123 4667
3312 5827
4940 2898
3163 4720
160 1608
2843 2317
3750 7474
4614 9004
4229 6751
1027 2076
1532 4409
1107 999
3919 89
462 9133
3133 2544
3193 3794
2169 1747
4055 2611
4814 9734
717 7631
1238 4269
3331 8483
2084 1023
2215 1622
3113 6060
3388 791
796 1984
331 2948
2973 6328
3328 8204
4332 629
33 5686
3861 1806
2171 2356
31 9563
3918 3747
661 1408
1313 9828
2965 9926
4688 7888
3407 5152
4261 5910
2784 4508
4190 5769
2312 3625
54 1385
4528 8808
3005 1006
2568 2326
2788 636
4824 2344
2148 3107
341 1016
3327 5559
1423 3440
2458 9184
3617 100
3088 1234
2056 5957
2338 8687
4063 8786
1710 5259
2698 2274
4190 1169
2234 3504
2963 9477
4081 7142
3641 281
2622 8718
1676 9636
915 5460
1491 2495
4285 767
4541 9778
1060 3250
2745 5455
1324 2414
2994 7324
706 859
1747 5959
3 6566
3911 7349
42 5965
3868 3740
4656 1785
1753 1394
1713 4523
1605 2102
4692 2506
4682 8237
4059 7948
3923 5423
1461 5059
3297 9827
3304 106
3844 2456
1755 6528
2080 1942
4530 7156
4382 6484
4027 5122
4717 7691
4745 2108
392 3419
2854 1693
4273 5293
3743 3482
998 3545
1115 9370
4476 1464
4292 9127
2498 3340
2641 6661
4775 5695
2795 2003
46 2649
358 6352
4816 4598
3290 6032
3754 9160
2755 6799
3233 8841
4614 3461
804 371
4590 3482
4778 7379
1429 7212
2499 6891
3782 1262
2299 9192
1899 9203
1268 899
1474 1356
2066 9099
2982 4287
909 7635
419 713
3947 456
4601 8900
2325 983
997 9324
2147 7468
1524 3822
2489 4221
2802 1187
3580 536
2331 6556
1768 3803
1703 2574
2340 2931
107 2272
3849 9990
69 1186
2422 6468
680 9920
1783 1595
3185 4311
3687 5307
2041 7528
1116 6507
3293 2779
2778 5977
3626 2037
3579 1223
2413 3469
4509 4276
538 2795
3412 5736
202 8690
434 6884
1019 9585
1484 8489
2203 2420
3967 921
28 9840
3107 3291
887 3406
446 2050
3746 8263
4276 3088
404 2994
534 535
266 7770
448 8913
3051 4723
80 928
2833 2830
2043 3544
3369 5883
1714 3548
3189 4142
966 1414
4415 1461
4063 8971
233 5257
1979 462
3979 6660
909 8324
941 9282
2420 4696
4045 107
1990 2576
3995 4767
4085 4240
3507 723
4816 9949
1043 8459
1045 1621
4214 9128
3574 7868
1288 7684
889 7242
2947 1004
1988 7940
3257 6830
4033 5559
3427 5618
4887 1181
2497 9614
2617 2585
411 8452
1394 9493
4304 8223
4705 3646
2124 4078
314 158
4159 7616
749 1850
3620 5281
4819 1661
1336 4548
1070 5109
2404 1361
488 6381
1451 1760
4887 4491
608 7143
423 4602
4962 6273
2153 1131
953 3312
315 935
2286 1764
4079 3848
3278 844
2376 3753
3880 1212
2627 1482
383 160
1907 1497
785 3008
1455 398
433 356
1648 8614
1202 2858
4141 546
549 9317
4305 1744
3693 1481
2248 8394
705 1765
101 9390
249 239
1112 3951
4349 6934
4183 9065
1619 7028
1730 1882
3351 978
2899 1311
256 7329
4198 5661
3424 2838
1637 3346
1523 8294
2167 5178
652 8675
2058 8502
4389 7989
4478 1850
1182 6556
4820 838
4120 436
2359 583
938 1850
2778 9999
547 1983
1931 1379
4665 1179
2430 5715
3506 5603
1292 7791
2681 7694
2541 4695
2595 9925
3452 4580
338 457
4947 2246
4649 3417
1607 8206
4665 5140
740 125
2316 987
2492 9899
4793 9899
2660 8044
792 1450
392 1585
4014 1503
4472 3563
4586 6151
2611 2677
4472 1094
3691 6243
846 7403
512 4821
814 1271
3706 1888
3692 5918
4345 1791
3600 5583
232 8742
1886 9585
778 5816
1684 1038
3770 7145
1899 2485
2073 1206
4978 9178
3804 3923
1543 7393
660 565
3863 1691
523 1938
2385 5760
2035 2150
1846 8606
1049 9896
4875 4560
4306 9803
386 2722
2212 9465
1726 8308
2504 6365
4750 1982
2735 3904
155 1332
2483 6711
2565 8873
4735 3370
4531 1368
2345 2744
2330 2064
4639 8345
3505 9408
4448 2932
2394 7844
1805 5459
3074 8719
112 4420
957 6730
2091 5713
220 6267
883 3521
1640 3545
1279 6800
3084 3775
908 9869
3286 1151
2459 4611
3870 9033
4149 187
3178 2108
3717 4815
3377 684
4951 4465
1199 5509
1480 3629
2624 4959
2918 701
80 2994
4785 8220
1650 5884
4435 5421
4984 3777
660 8429
4419 210
736 2150
1947 6081
1045 6437
1881 5811
4855 1198
2347 359
3598 5614
3912 9271
2884 9714
77 2765
4583 8374
3423 3544
1878 1360
3665 1646
2322 1519
1488 5427
1010 2238
2181 283
3811 141
1259 3117
431 2146
547 9882
4142 1611
212 8476
1155 7623
3094 3889
1393 9990
1713 8938
1037 783
4305 7487
2453 6513
1533 742
3385 3931
560 4564
4505 6031
999 9026
3904 4900
141 931
2432 5244
2772 6486
3653 2630
4332 9495
3934 9477
489 7195
257 1312
3384 5052
758 6330
593 7921
1824 6309
804 7025
1471 2355
709 1833
2505 5422
1978 4157
3018 2121
727 4620
4609 4694
495 2663
4014 2457
3302 8082
3961 4476
3885 9116
564 9269
3134 7836
828 4053
2064 4028
3820 6578
3421 2779
1778 2503
642 8462
1846 9834
566 1606
1568 7679
2023 5800
1441 1003
3826 3240
3813 3564
4761 2711
3200 1143
434 4304
3215 1905
1069 2957
1520 914
1214 2207
3348 2231
4988 3774
4555 6887
1129 814
4849 2745
2556 4034
2416 1940
3083 7253
3094 2998
4236 5431
4153 1449
1662 3012
4576 7443
2211 524
4771 1261
1825 7870
4382 9062
4842 3814
3713 6536
1912 249
852 6652
541 4590
602 3002
522 3808
2859 7268
3734 2353
2535 1667
1106 4289
4351 6609
4154 624
166 5497
342 4928
4824 5820
994 558
3817 2950
1995 2562
4289 6224
2627 1876
3287 6679
4639 9538
244 9228
3951 2352
3226 9725
405 5871
2525 5413
4834 9249
3992 5184
4741 5948
698 7089
1277 4237
1290 7815
3346 3343
2649 6653
4735 5163
760 9137
4586 178
2394 9032
2086 5322
1963 10000
1321 2901
1856 2693
4850 7880
4465 1096
2582 5370
1341 1357
2259 4412
4485 3732
284 7288
4499 5963
3750 3676
1932 8530
4634 8873
3068 2431
1309 9415
4713 1618
1268 5164
3955 123
148 1789
4498 8763
4312 7811
3864 7177
3708 3362
1448 8054
2250 3734
3952 2242
299 3199
411 9457
3641 8942
1034 8008
754 6576
3836 1853
4479 9851
435 7742
1566 7271
3393 1856
501 2527
4227 3163
4664 7160
4389 1811
3804 7729
662 9179
4277 539
4502 5733
3885 5578
605 2717
2134 7005
1389 8263
306 3259
1762 2886
4753 6111
2921 1566
4067 7877
3399 3532
670 5669
212 5253
4626 656
367 524
3779 7992
1668 7624
1695 1381
476 8037
2057 4693
4123 9322
1525 7396
1175 1259
1324 9420
1775 5535
819 702
1195 8101
1007 7010
2211 611
4515 1308
1579 3935
1710 7183
1301 7377
1823 6358
1047 6584
4170 4657
182 2716
4959 6141
227 8629
4401 1031
2813 5082
3916 4178
2439 9516
3155 7558
3916 1028
625 8652
3888 6058
1406 2456
257 3688
3604 2390
4334 3806
3627 168
2407 5351
3090 8014
3781 3596
302 1335
818 3511
1640 1656
804 491
4402 251
3014 9938
2994 3529
2432 7447
2707 7482
4017 1701
4264 8764
2898 2447
1546 8291
3332 3346
748 6176
2245 3128
156 1749
271 6110
2389 1128
2737 9336
236 6278
1354 3380
4015 6954
2891 8716
1956 8654
3292 1312
609 4945
4842 3619
552 4345
2424 2037
2886 3963
4339 4257
3291 1945
347 6311
4684 7995
766 9965
2648 5089
479 3218
3432 1816
2023 547
4235 6155
187 561
640 9500
4351 1267
2005 4675
536 3208
4575 2118
2096 4079
2771 9850
1614 7835
4397 9529
2428 6353
2367 9924
3861 3924
4413 8411
4366 4755
3894 6730
4268 7776
869 3942
615 4933
3768 2185
3758 7859
3777 7722
323 827
932 2721
1568 5312
2520 3177
1874 8076
1625 7815
4668 258
4173 1674
2767 452
718 9843
1497 2198
4000 1655
1676 1458
1907 9730
4569 3438
3034 798
4908 2795
1077 533
170 5359
701 1028
1032 7542
1390 1280
229 660
585 6717
3923 2350
1531 8749
2530 9513
88 7894
3350 6051
2292 2263
2378 2145
11 1547
52 5576
3015 7055
4307 1041
4635 9809
4607 9990
1366 6634
4799 18
1641 7758
1769 5225
4124 496
2718 2930
4310 3627
299 6750
3996 223
1823 4324
2492 6505
498 8667
3059 2614
2259 1868
1211 3657
1149 726
2760 8443
4563 5204
453 1954
1321 4989
563 390
1573 6570
1426 1695
4429 4429
4827 2307
3403 607
3917 5151
3766 8858
718 7491
2539 2105
1365 1347
2524 8958
518 7835
400 9538
1949 8340
908 2082
1110 1988
3303 3767
1852 4042
4260 2790
1865 9306
2843 9770
4542 8838
1225 5775
2547 4062
4514 6929
4457 1832
2836 8420
550 1428
118 5557
4481 586
2168 8080
302 8181
1277 2611
3356 8323
3318 8371
925 6429
33 5342
4742 6325
4786 4641
1064 4654
552 6267
1663 5936
2804 5681
3577 2395
685 2243
1520 5308
4519 1855
1411 1806
789 6565
3826 1299
1213 3307
1025 6516
1788 4529
551 3780
4137 6279
295 3691
2182 6494
2582 9122
3692 5677
2982 3867
3766 565
587 5459
3457 647
1445 7802
1834 2148
3501 2674
864 2565
987 9590
1852 2061
351 9245
2815 8811
230 8319
91 436
1399 4263
4540 3408
1959 3833
2952 708
930 6935
2789 1761
1683 1055
4097 6794
3278 1255
736 3947
2836 5003
3666 8040
2111 3702
2131 1492
134 9471
4663 2900
4650 4406
3237 2243
1898 240
3763 3767
2541 271
1331 5331
1071 8549
892 7150
869 3258
2068 8084
100 364
2597 92
2222 4471
1709 8106
239 9110
3210 2374
1759 1704
2678 76
697 358
3648 8357
4371 643
1747 7094
3895 7221
762 6312
2410 2308
4948 1208
42 4305
3173 2288
1126 4585
1717 805
2280 218
2741 9330
2270 8484
4607 5941
4986 4179
1982 4008
4958 7869
2246 8387
2108 3335
4180 2128
3085 2205
2241 2383
3664 9249
4619 7915
2685 8948
3404 109
4498 6803
3887 3456
847 1715
3545 1700
2901 1024
69 2231
2956 1939
4347 609
4701 1410
241 3358
1501 3084
657 7969
1236 341
317 6711
884 1567
3561 1066
1102 1130
281 8120
4505 5773
2323 9283
4084 5701
1677 6521
4374 1949
2346 7991
1636 4223
1041 746
1387 8026
4150 998
3999 2053
1118 4859
3755 7698
4525 7092
2802 2023
4178 1442
381 9673
4317 3449
1373 1273
4199 4056
3108 2708
1619 7599
1607 1109
68 7020
3287 1982
3288 3495
4697 7112
2027 6063
3290 631
1943 1668
4046 3793
3066 2454
3499 7072
3984 93
4650 2901
4722 8459
406 5360
855 7632
2584 4125
4971 5820
3401 81
3646 1386
4273 9270
2214 9403
528 7667
2007 9408
3556 7312
3057 7708
699 9033
1323 6873
4761 2928
2799 8106
403 3992
4286 8049
3501 7423
1397 2771
281 2091
1880 7896
1249 3304
3310 4247
2167 4145
1989 6689
3250 6174
2728 4669
12 1260
4646 2580
3523 5795
2141 2285
1820 1796
3918 2716
2030 2338
851 8247
366 2419
2422 1850
1807 2246
1108 875
2253 6647
1938 1024
1554 528
350 2783
3520 9635
2273 1606
2559 8662
2852 573
1801 7677
609 24
117 5070
2299 8001
2450 113
1321 7670
1404 2919
1094 1551
2187 861
749 5523
1162 4321
51 715
1725 1908
1909 2871
1159 5248
268 5152
3770 6875
758 9501
672 4541
1639 8074
2675 4399
4632 2614
2000 3172
150 4987
1257 4348
4558 7828
2970 4215
4496 810
1948 3239
729 6431
1185 7529
3886 1263
111 2038
1310 739
345 692
3927 5416
74 3602
1187 1232
1523 1876
388 1880
1102 7612
3350 9481
4380 6202
1668 7394
4397 661
294 2406
4398 1274
2897 2290
24 1525
4751 3395
54 7262
4449 8965
1566 1765
4203 6446
4404 8928
311 3836
4020 5796
420 6556
2063 8995
319 4013
2167 6918
1635 9284
2902 7739
117 3602
60 4496
2419 8259
1688 9009
4351 6872
3121 2029
4135 9543
4349 2480
3119 2752
1889 5917
1840 3492
890 634
594 3426
2940 1089
168 7314
3697 4739
1363 2549
2428 5824
2890 3420
3638 8949
2776 968
1897 2181
2519 6338
2724 1707
3940 3133
1174 5166
1994 7561
6 4646
4564 2072
50 9663
1317 3414
1358 5579
3842 165
4456 7789
4123 2566
3034 1123
2493 7839
1871 179
4203 8249
3474 2346
4831 5305
2299 8144
1347 8866
2291 5584
1229 8377
882 9303
3819 1801
3127 2891
4458 9464
288 1774
3550 9450
738 3362
3733 516
2675 8623
1812 5059
3742 2852
2007 4974
4200 5787
3139 7577
1593 1791
4286 9980
1780 1314
4721 9524
3818 9258
1508 4376
2491 9339
219 8958
4119 4524
888 2943
1293 4755
1281 6616
2178 1009
4148 2595
2004 7510
3920 4997
1031 2636
3821 8201
3136 1639
4383 6461
912 9360
1287 9116
987 3918
955 3276
2049 8950
3047 2120
4293 5988
163 2832
3396 91
4094 2303
3193 1833
788 2494
231 2975
2925 9112
3229 863
3174 862
3929 7830
3179 8811
2510 4653
3661 186
1600 314
3456 423
3898 8844
2713 4755
4054 7160
4382 5756
4829 1917
4686 8732
4247 4223
539 2465
3229 6978
3077 1037
1124 8628
2337 5039
2757 4256
1249 7538
1884 5008
2830 2212
221 19
4803 729
1238 4768
3940 9985
4633 1098
3798 3512
2944 6052
3073 9996
1118 8151
1620 5364
1723 3969
304 1359
1472 8384
479 1547
2980 5984
3270 6599
2422 6385
617 1931
4077 4796
1926 2310
4908 4583
2925 6696
2153 1927
1630 9889
537 8886
1340 586
4220 7094
16 3315
3519 7332
3656 8492
937 4448
1578 840
3085 8381
4348 7903
434 1844
1126 963
3616 7757
4642 6517
3676 800
3706 4009
245 9400
3619 9047
848 2266
2409 131
4417 8806
3628 255
1611 2635
1481 9712
2146 4927
1803 8254
4143 9839
4555 8928
1067 7875
4302 5736
3584 950
1494 4506
4124 9013
388 7619
4807 2006
4812 7479
4271 5147
1553 8779
1290 6567
3635 1669
1893 6816
1030 8193
538 2661
4390 101
2158 2370
3871 5479
1684 3378
4113 1677
636 4453
1884 4310
801 2626
1480 3015
1074 573
1905 7144
2766 525
625 4384
269 3944
3926 5758
1460 9056
4197 362
209 546
327 5243
1521 2875
3148 7803
3367 5390
1125 9960
2805 1461
3598 6379
167 2244
1931 190
870 7044
2498 4746
4267 4686
2930 9055
2485 4949
546 344
2588 9114
1726 6285
375 8026
1037 1610
4323 5067
4974 5473
764 9639
2044 5356
2017 1960
2728 6661
331 7988
2926 6089
2071 3755
3794 1786
157 8367
3629 6053
623 2194
3898 6532
2565 5671
3222 6580
2328 2434
304 7353
591 8241
4629 5248
4439 623
3166 5365
3989 5175
278 967
1449 3270
47 6025
827 52
1101 1018
4153 1316
1525 5671
2309 905
1534 4335
3560 8315
2833 2168
2467 3211
3318 7808
3672 4852
432 2407
1812 2515
385 3915
288 5528
4064 8371
744 4540
2010 7984
1980 4341
2062 1760
1933 5385
2502 6789
2618 944
1059 7622
3083 3212
4777 1237
5 7597
2251 561
1344 3872
2703 3148
1061 4696
3229 6559
3733 160
2868 3373
4718 7616
3510 1222
894 6254
1813 3997
3685 3190
4558 5948
2326 7933
2597 2949
2150 7523
4665 1596
3329 5207
4689 8868
2433 2351
3775 5623
4048 3496
4348 2827
336 6587
4948 5009
1224 9985
2619 767
3298 5336
2913 7744
4891 854
2298 9578
2867 2397
4793 8417
14 2432
4654 4954
2114 7477
1941 8962
753 2155
4585 3968
225 1342
3232 5209
3155 233
4465 5587
3649 9531
2324 6443
371 6478
1329 4203
3876 4627
4763 9526
152 3554
1142 7270
3472 929
583 2808
3346 4770
339 870
363 4914
4067 8438
3422 8287
1590 1696
1514 874
1231 1078
3702 7565
1832 1887
3176 9567
2784 725
695 9301
4089 3664
4461 971
2565 689
2825 8228
834 1284
4076 6671
931 5216
267 2618
2930 6016
1556 6331
2459 7975
252 668
4578 1376
4424 4439
375 3412
635 1427
3664 128
3687 6045
1296 37
4464 8746
4991 481
2581 1692
2851 591
128 8259
3813 1915
792 4742
534 1832
4125 7827
1100 6165
4164 1107
4600 7357
2699 8241
890 2942
2112 6460
4031 2812
4501 2491
3122 7415
2214 4161
2696 747
4254 1266
2032 7511
1359 660
2139 176
1464 409
3792 662
3524 1612
836 6854
2817 3546
4792 9298
3046 9939
3571 9343
680 4960
2465 4717
4431 5672
2812 9164
1557 8718
2306 7373
3278 7741
3959 3366
3846 8039
4741 4027
3752 7097
1 7337
3955 4932
784 5604
2690 6072
490 7252
1715 7137
494 5307
3039 7990
462 4922
3524 8720
748 9749
3928 4280
3228 4596
2655 3060
3500 9100
1215 1652
3562 4301
50 1015
3981 252
4595 7395
1446 8068
589 6565
3304 7481
4200 9222
4614 9934
2077 7631
3700 4871
268 8750
3257 2657
2475 9913
1012 3473
2938 1234
1828 6074
1542 1436
884 5315
2435 8317
1407 7848
1253 9045
4456 7055
2496 5950
3085 1710
638 5604
3900 4956
449 4262
2903 3637
1626 8525
685 5650
2226 9213
121 3816
2606 4091
999 2079
5000 7886
347 8246
4164 5864
3900 3525
1560 8326
2002 7828
1368 3814
1012 3130
3904 1337
1565 7528
4931 2617
4551 6119
4108 3597
4840 9823
1156 667
4685 6586
3971 2557
4860 3752
1282 7639
1822 1140
1216 2215
269 4230
3467 1694
4930 7275
4025 9599
4723 6082
1488 8629
4875 4584
2131 2570
2930 5383
1606 1109
4766 5786
2844 8963
4314 9988
3302 3241
2566 2290
2567 5353
639 4158
4334 2468
1408 1717
484 4383
633 4955
3591 7864
3080 9966
1030 3418
2414 1224
2109 9152
1531 8617
3539 71
851 1572
1890 9799
4098 4120
2911 115
871 1987
2339 7615
1430 7234
3609 2897
1400 7099
41 8811
286 7631
2356 6376
3556 9834
4553 9557
3355 461
2559 7330
1001 9791
2980 8233
157 5759
1358 9054
4805 3852
656 5175
2370 6585
1615 4222
1367 1067
1142 9285
4006 9396
1086 778
3772 9302
98 5339
2150 8688
1530 2987
2995 3229
3477 486
868 7245
445 3825
1826 2563
2894 5909
1838 6209
72 7614
1495 5473
3165 8127
4215 9062
1244 6137
2183 8850
335 3307
684 4345
2194 539
4450 3301
4557 6758
2753 604
1756 9029
2396 5455
4701 7137
3833 7300
4130 9736
2750 7302
1655 6896
49 6876
3046 9372
2292 9463
4433 8525
1422 464
4184 9818
2989 9793
3364 8274
330 7074
299 1137
1990 5464
2693 4434
1516 1961
4598 6357
4950 3603
3125 9249
3109 5069
756 9275
2611 3262
4225 7080
4292 9293
3948 8063
2316 9784
778 2818
1746 4345
3433 4030
2693 1126
4453 7169
510 9816
2403 8957
687 7022
3357 1562
3618 9555
4293 2048
4965 7965
813 1620
2844 6760
1357 9923
4447 5954
1950 3661
2606 2088
3104 6228
3835 3809
4607 5734
1135 8633
3059 8118
863 273
1335 6770
4264 5461
3698 1297
2257 3054
1805 4747
3096 777
869 7453
4175 6583
769 5100
4912 3655
1910 3658
3591 4945
3745 6008
103 3700
4964 1835
1928 7203
317 3298
2432 9898
3595 5270
167 7448
1315 1154
759 5704
4826 4582
4603 16
4323 2455
895 4381
4804 9657
2914 1566
1196 431
1055 3985
1639 2738
1410 3419
62 3361
1897 6428
2032 9624
2688 9058
3885 1028
169 7885
157 5413
4916 2963
1740 7605
4180 3284
1857 9432
1602 6304
2792 9701
2326 4904
1724 868
2379 5667
3529 200
3899 5058
1105 9118
4891 6934
3868 5575
895 112
4446 5923
2073 2201
884 7918
318 6899
1031 8368
4465 4624
868 5535
1949 9394
1211 3672
2917 6290
183 8078
1070 7780
3565 6994
1856 187
3816 9795
1664 1625
4861 9495
3578 4570
586 9019
4557 9906
2100 952
159 9284
3730 3447
4347 5765
1212 3239
3255 4928
1528 2284
739 266
53 57
4743 9065
2785 4177
365 3649
1457 9691
3551 5279
1184 3092
4073 1737
497 7385
4578 6950
3416 7205
1408 2618
726 6296
3098 6821
4499 6361
2697 173
3026 8061
3025 5576
4103 5769
116 3854
4411 9172
3353 5134
2284 3344
203 1041
1774 6971
3004 6044
1239 1601
4180 9466
3338 9748
3229 41
306 414
361 7139
593 8166
4485 2864
1529 9874
431 6362
1251 780
2655 2241
3927 1240
1746 7376
3835 3653
2957 1664
2247 2450
3408 7803
520 6834
2744 1028
1123 35
4609 1717
3221 3868
1916 6905
865 2821
4982 43
4625 1995
2745 302
3192 9268
1663 7823
4704 7087
803 7896
2456 6592
1227 5575
3864 9275
1283 750
1167 4607
3251 3675
1493 7141
4725 971
4413 1961
2671 1915
69 4936
4384 8623
3129 938
4840 3142
4756 499
688 2734
4385 1892
5 2708
2314 7895
4567 4079
2854 1771
3255 7534
1112 9068
2328 2238
2142 5671
3796 9280
2703 1900
2178 6571
1056 789
3095 3310
25 54
68 7001
4827 6
734 2812
2701 5389
3323 415
104 5726
1283 1492
135 2599
2453 5178
4363 3350
3349 356
2766 9823
1818 9114
2494 7147
2940 4749
1125 6563
2477 8816
3774 8077
2407 1478
1442 166
2127 4759
3341 3393
3161 5735
2274 6399
3909 4328
4054 8191
480 2574
3923 4744
1229 4051
2235 3829
2277 5869
1561 5472
1461 4669
2722 9810
2104 746
3377 2505
1100 477
1188 1019
4945 1357
289 8235
1047 2590
3461 8874
1807 2582
1118 5647
2189 4784
1575 1210
4244 4293
4420 2405
2179 1111
4671 1628
439 9103
2394 1791
3137 8234
2078 341
1313 4208
900 3283
3763 8470
1337 5102
337 6244
487 8925
2017 4776
2242 7923
3369 8556
1216 4859
4264 3062
1357 2052
1118 2559
805 5887
2751 7063
4875 4119
1643 2119
4338 4129
2498 4998
2402 5907
3775 1408
4982 2842
1346 3091
771 3623
3874 4716
2507 7738
1731 5506
483 2321
308 2497
2738 8994
3924 3290
2715 8904
2239 8297
2564 7995
1539 1880
2880 275
2288 4066
3210 301
1351 1625
4667 6223
1913 2508
2278 585
1372 3491
4562 4700
1642 7821
744 2720
26 1613
237 2272
1867 9008
1050 6745
182 7810
2731 9284
1900 7730
596 4383
1520 2339
170 194
2797 884
1865 7584
2755 5970
1538 8013
2374 6651
1960 8848
1664 2327
283 7289
153 1427
1460 2420
1036 2622
1186 1198
3867 2360
3756 39
4653 5559
2256 5497
1535 8011
2188 3097
1529 885
3091 9339
4459 8020
874 1034
1063 256
499 6344
2488 9178
2810 8931
3324 4515
678 9146
1374 4364
3354 2398
1327 7214
173 8652
2830 8507
2590 8889
2189 5621
708 4015
4542 2942
2630 344
454 1359
1198 4552
2353 637
3699 7600
2974 3449
143 8975
1764 9366
710 1228
3197 7760
4136 1666
546 8972
4233 3067
935 6554
3543 1168
1201 7186
1955 2479
381 7198
4732 6351
3994 7860
616 4384
298 520
2789 7558
2077 2207
4495 936
231 6022
3099 3107
475 6916
3931 9445
1120 1197
2786 8183
2171 4665
1467 3322
2469 1092
2189 6133
286 4887
706 2653
617 9655
2256 8327
3514 6941
3503 7802
2406 9190
284 4265
3106 140
3085 943
3335 9892
3366 9003
2652 4041
3900 623
3348 3033
3392 387
3794 9438
2390 3183
3098 4848
1991 7433
4738 4074
1644 3820
4081 8986
2116 5754
318 4588
983 3426
2020 5817
3947 293
1469 428
1575 6774
1269 7541
2439 1089
4016 1218
287 1390
4686 5691
1411 357
3573 556
183 83
4088 5496
2058 3678
4224 8188
4264 1862
1624 2210
1929 8045
2677 8152
2468 7112
2253 4736
1088 1238
2375 6377
1364 4560
2868 142
900 834
4236 861
1039 7866
108 1642
1776 702
3326 8085
226 4162
3210 3449
1215 3738
2260 759
1906 3309
2334 339
1444 7627
2223 3052
4940 160
1212 7922
2346 8089
3942 4835
2950 4774
3132 3175
4972 2209
826 637
211 4575
2850 1205
4446 2644
4827 5471
339 9980
4695 5668
506 9767
1609 5828
2688 5828
1062 2655
1909 7905
1299 2616
306 9666
4696 1447
3015 2912
1852 8654
1756 3060
4929 2750
2999 8293
2985 7034
3333 6381
4224 6572
2852 9267
4972 2967
4704 5541
2611 8030
3948 7091
4076 5251
4852 2196
1345 7873
2617 243
690 1390
1981 8682
4910 2652
2519 5234
2966 8335
1041 3642
194 36
3488 3222
1984 255
132 6218
3826 565
4865 711
272 5772
684 7732
1773 9471
386 3729
4094 2855
2590 680
497 2150
1857 4582
1234 7014
4271 8601
1884 3106
1695 6985
1478 7155
1540 6651
3219 6845
1490 7620
4279 891
322 3515
4151 3320
2738 83
2976 735
3710 167
1546 4246
4132 167
2878 7159
3951 1666
1886 8431
489 2468
909 9578
1079 3042
3151 7359
2696 4931
2417 4839
2566 6961
2724 7636
4288 8112
174 1936
2823 1199
2386 308
3431 9613
3217 2074
3360 6190
3873 1492
1622 7070
1269 2654
1022 1764
3221 1585
3323 779
703 2762
175 4589
54 5163
1693 2113
458 9809
4223 6935
1192 1766
3115 7105
1196 7047
3132 164
4292 600
3350 4751
3871 3494
1529 5532
1877 8445
4714 7093
4312 9020
2190 3096
2012 7014
4809 173
3291 2458
1167 5176
1685 1189
2512 9547
990 5510
1785 1758
2903 4130
4896 7729
793 2890
112 2768
3648 3082
4719 4056
885 9955
3844 6586
14 7131
4996 8637
2298 8899
3190 9433
359 2905
2454 402
935 1183
2960 5473
547 4364
4758 6473
2742 6386
1635 3768
301 80
2152 2877
2221 5592
2182 1033
3253 5059
118 4873
3566 132
486 9555
329 7914
277 1390
1295 5930
2648 8759
303 2573
166 5250
115 3206
1617 701
4684 8550
4566 5787
2048 7939
2143 2592
2536 7638
4006 40
4039 9141
1133 2797
4712 6209
1516 5257
4263 9136
4731 6472
4635 6701
4320 2114
778 9022
163 1447
3493 438
1017 1579
3254 8221
3782 9285
3680 77
1997 3555
1429 2590
29 9360
4942 4452
980 8536
1190 1095
2671 2571
3247 1988
4694 7841
3450 1490
2498 221
2897 3287
2600 8997
1192 1340
2274 6545
811 7646
932 5857
4841 823
2724 5780
762 6605
4981 3254
3660 9624
590 3961
2460 970
4727 2536
4852 250
1731 1416
1215 241
309 6112
373 6953
2380 7211
1371 6755
1384 1179
4770 7240
2122 1536
2460 9458
3567 7993
1882 7916
2190 9418
833 5623
2130 4559
326 3086
1097 6831
3472 7276
2710 9253
5 5629
4516 8763
1112 5570
436 2008
4713 617
4017 7980
1405 2637
4986 9593
3527 9449
4064 5125
775 4147
584 525
450 8071
643 139
4075 432
1572 5771
3457 2687
1450 3323
3560 6165
599 9089
1788 1715
3783 3874
3971 1364
2293 3151
3195 1385
2923 9138
237 1414
2505 842
4960 1419
1072 5188
208 1350
2399 6811
3792 2662
3301 3185
1093 5139
1960 2494
581 508
4686 5383
921 9233
1746 323
4647 7331
65 2459
2715 4056
4581 4176
4982 4099
977 465
4599 4500
2735 9004
1002 1004
3615 2517
1630 2996
2808 5014
2068 6190
108 3318
4716 1595
1103 3788
1338 2879
2440 725
17 5378
4467 2981
4646 6296
1302 3562
3289 9955
555 2775
4240 7912
4982 2896
332 1999
2399 6001
223 7167
3018 5892
2206 4938
1861 8947
3652 68
2121 5914
32 442
3557 737
3936 9105
4807 553
2861 7852
876 2340
2352 34
2883 3306
4510 8318
4797 297
2112 8297
4807 428
246 8582
4251 527
3902 2924
2996 1250
3423 5449
2513 1949
3066 1141
444 6611
3747 3925
4682 4634
1117 3233
3453 1834
1484 2648
4497 9299
31 883
3685 9956
4541 4679
2779 1513
3558 6382
2377 3525
3630 3896
2968 6608
4182 1934
3980 1555
1388 9512
1693 8690
3236 2591
1878 5048
1350 4053
2501 9898
970 980
3514 9380
802 8213
683 3145
4327 2898
2159 9706
3478 7646
3058 1268
819 5763
1840 9838
2303 475
901 3491
3343 9635
4533 318
821 7197
1847 5539
3315 2790
2743 5478
821 9768
1636 454
3766 5840
2127 6937
262 8626
4654 3502
1210 587
32 1631
788 9352
2266 7350
3533 2341
4609 6257
3848 6809
3240 5161
145 3568
4940 5199
4702 9992
4654 2264
2437 3328
1650 8699
2894 4366
1134 1912
1050 6352
4684 668
4988 438
4483 6834
1759 670
419 5052
1000 7679
2192 4258
4237 3178
4329 5674
3094 2365
3649 2888
2291 4394
749 4184
295 7993
4072 586
2427 6681
2580 3629
822 6396
521 6768
1203 6564
931 1829
620 5736
183 3814
1990 4540
1949 364
4420 1504
2341 430
2208 2823
1803 4455
232 9930
4853 171
2126 2718
2319 1835
1986 5492
1548 5767
4747 112
4160 3588
1596 4204
4660 8607
36 5950
2266 2912
3720 3783
2649 1249
765 1613
2307 5217
1017 8971
293 9572
3321 983
3158 4014
1561 6053
772 3472
3895 1690
2084 7506
3896 1908
112 4434
1935 3224
3790 7132
1043 9483
766 8266
697 4677
4340 6813
970 3971
2016 1485
4423 8285
3938 765
4865 2007
4601 7779
381 9819
2957 2631
265 3270
1995 8121
408 8626
3458 5944
2516 8949
1620 7120
2205 680
1175 2532
28 9386
4309 6861
765 2342
1384 5633
3301 4578
3714 375
4567 5001
3460 8186
4526 2780
1733 7516
2870 8100
558 5213
4275 9819
1107 2780
1879 7500
2364 4766
902 5272
3501 7676
1309 2859
115 8497
1042 1662
4761 3973
4813 9726
4857 2500
3279 525
2790 5955
3130 2343
3961 7139
1841 3639
2163 5702
1009 6699
883 3314
4617 1749
4656 6932
246 8756
3794 2182
3882 7379
1428 9540
3101 2928
3532 9612
1973 6656
1830 8869
226 8497
965 2401
205 9248
3155 133
2810 1820
4828 8152
2739 9002
4342 1418
3696 2634
44 1384
2084 5289
67 1837
1113 7225
1524 9899
3830 2463
2556 1642
2360 155
3448 2480
3743 5549
4493 5810
195 2854
4110 8361
151 1117
2327 6185
4172 1843
2770 3742
296 713
1840 3880
2457 2752
459 3912
2621 993
1337 8987
1892 126
643 103
1304 5352
319 4564
235 9011
2067 3197
2274 3943
419 4534
1649 185
4300 3232
407 105
1106 2476
435 7789
4311 2380
423 9198
4885 8336
876 3200
2438 7103
1119 5992
2978 5412
4162 8714
1617 9323
3382 7233
1393 6332
3031 2370
4314 6776
920 9986
2032 5457
2513 8135
2713 2367
3166 1325
4808 6448
3298 5083
1073 4415
3660 405
1853 2233
3441 9603
801 2508
2754 5265
1762 2465
1615 3400
4844 5931
347 9709
3683 6144
3082 3272
4881 3880
1249 2760
2521 2804
70 8998
3371 1456
3247 4359
66 6092
3159 230
546 4231
214 689
2310 6541
928 9186
809 4132
513 1456
4931 4417
3999 1895
2918 4336
2225 7878
410 8979
1798 1848
2350 6746
1977 1990
4471 7380
3636 2203
4134 2309
2203 8983
4789 1497
3658 7623
2250 7752
1553 5781
3384 8411
743 9148
4050 254
349 496
2361 3734
3252 4219
2304 6212
257 4730
2894 282
4352 9738
4963 7502
168 8461
1919 8525
1653 289
3791 2274
1915 531
2617 55
4026 4927
83 1099
2029 8956
463 5156
1127 4214
954 7655
2344 9611
2428 8934
1180 7339
3786 5209
1101 265
1227 9840
1458 6279
712 584
592 9153
480 2300
952 41
3482 2670
3145 4435
1612 5126
1816 6385
3371 1818
1965 9266
1140 9567
223 422
4243 2703
842 1141
3442 8683
1545 65
645 8514
4887 697
787 819
3322 7280
4063 2016
3426 9245
3135 5476
870 6196
4749 1318
4464 3621
4133 1134
4514 9155
2326 4663
3008 664
260 6549
80 6407
3573 8233
2648 7042
3859 6148
2631 8653
1762 4216
3143 7459
1634 133
3537 6631
398 3410
729 6509
1942 9146
707 4618
1915 5946
1759 8474
417 1495
4393 3745
2369 2085
36 132
3752 6006
1767 2616
1634 5599
3648 7051
211 1282
1993 4354
2984 5527
2193 3523
4377 7372
692 2644
1473 6047
101 9811
1385 7065
971 6967
2258 7053
1521 279
1025 7441
1083 6842
3320 8829
1302 3294
2939 3826
343 5245
289 6973
3599 4157
2748 603
3285 5511
2889 3567
3820 5515
1603 594
1534 2945
1349 298
2122 5091
2208 5758
90 985
4884 3977
3544 9829
394 1998
1850 7169
2985 7227
235 2437
4335 7424
1460 1949
2099 2817
4243 9258
1017 442
4195 7768
109 851
2396 3312
331 7285
228 5615
1206 4060
1126 359
1888 3821
2243 8900
4098 4873
702 7985
2924 1907
123 2668
695 7214
1011 2008
3305 5994
1761 8434
4121 2385
1753 982
467 2141
2634 6050
2822 8429
345 8651
3236 7272
1408 1199
4002 4209
4679 1563
1034 1915
3874 7598
2621 7582
4842 1405
1420 2122
1201 9464
1320 8748
1840 9741
2584 3167
371 4060
2620 9381
808 9611
1224 9654
3931 9579
3731 5864
4086 5690
2688 9104
1471 7578
2476 2152
4234 1313
3745 5793
1409 9059
299 8427
921 1294
1458 8067
663 7860
839 1083
2667 5438
4138 9296
3020 462
1131 3417
227 6790
2879 619
4140 8199
1677 6565
995 5037
3474 3928
1515 4633
1466 1782
2269 1247
3368 8960
431 7650
608 2344
1619 6700
4539 7246
2649 6722
2475 2313
1647 5814
3639 164
4496 4271
4528 8332
243 7639
1997 7
4271 2820
3653 2119
235 4201
2796 2830
3522 77
2407 4916
2206 4028
3187 6647
2652 8749
3618 2643
738 4852
2432 6930
2084 4281
453 2374
4876 5321
2212 8533
4355 9467
2508 4611
2483 1429
2956 9382
712 1007
2372 9654
3983 888
2345 6132
324 5081
538 7437
4898 3287
993 3902
1679 1469
3996 1018
4406 1577
3517 2266
1681 4101
4334 9077
2222 5961
1873 2112
4705 2751
2919 7591
2579 6343
783 2588
4890 4541
1561 8831
3145 8871
2563 7856
1681 9987
2053 1233
583 1041
1280 4991
4784 1004
20 2738
435 4735
234 8307
2366 6837
3191 1630
1940 2290
3235 6696
4733 1328
672 9139
4502 6653
4119 8287
186 5971
4407 7395
4009 103
143 7052
4665 8135
3342 229
4722 1981
3537 7976
3558 6777
3613 4852
3785 6223
1478 160
701 9932
4207 9774
4073 2815
835 6787
4987 309
3195 5751
292 4597
712 1512
1483 2670
3196 820
4924 1997
2708 7686
1234 9763
3033 2208
914 167
2720 8475
2803 2984
3086 7866
1971 838
463 4902
3035 9265
673 2725
4422 6578
101 7996
94 6537
3062 8423
2496 5750
717 7798
3577 4972
2115 1595
3904 2818
1208 2625
206 7868
3884 2415
2691 9802
3421 733
3211 9392
4217 9383
3097 4774
1388 7151
2282 9808
2611 7127
1134 432
1498 4160
2931 8026
4947 4477
2178 7401
2160 7387
4542 1184
531 1525
2970 4388
4395 6178
1858 8152
3554 4194
2396 5208
4694 5114
3992 75
28 124
3383 2675
491 6411
1872 998
2432 797
169 2738
2294 5793
1603 3212
4841 1779
622 9338
4579 5853
3944 4994
4070 7505
1176 9506
3338 4581
3095 3074
2458 6317
98 871
4106 5215
1065 7945
3364 2371
1155 486
4299 202
4110 8984
3215 6097
4009 2229
3899 3702
4669 5815
731 7066
3836 9355
2146 6503
2696 7597
3858 8179
4911 1780
790 6725
4173 2137
1653 120
1194 7902
135 159
4478 1677
4941 4808
2571 1774
484 9156
3394 1261
3626 805
3088 2043
2444 5624
1754 5044
1079 3893
2534 7762
4422 9189
4020 528
1332 3444
1886 2305
498 71
2051 4753
1658 1184
754 5676
37 2671
3638 7358
2963 1291
2724 3227
4297 2177
2229 7104
3320 3516
2688 8473
3691 8038
2591 4820
1552 5310
3677 9382
2051 4299
334 2589
2896 4832
1856 1078
928 1264
3617 3184
1837 7428
4313 321
3737 2954
4705 9143
2668 7280
1708 1937
4949 3569
2101 7631
3819 4399
4793 2119
732 6531
2526 1546
533 5537
4716 9654
3563 4671
1243 5965
162 9367
2734 7414
3836 5770
4463 2978
3564 1752
3706 6242
2123 6030
622 6328
4755 1263
1769 9099
3443 5942
988 1662
4338 490
3719 3139
4319 1955
3589 7676
1272 828
3412 3122
865 1162
1478 2410
2800 1980
3339 7845
4575 2228
1995 4726
1105 8325
3918 7274
4129 5500
542 499
895 1524
3792 9941
1076 7669
4655 3973
856 8477
81 1662
370 1762
2654 454
2824 6582
3574 3264
935 7227
378 3091
2501 953
4399 892
4398 6431
174 3759
2980 5110
3711 4692
450 4620
367 9727
4186 3615
2559 2848
1093 2920
1288 3805
3436 9883
692 9085
3036 9884
3470 3670
391 9156
1916 2568
665 3748
795 1900
2416 7897
29 1464
2792 7713
4119 1796
2190 9421
3438 6562
1587 3783
3675 1145
4019 8086
2051 3026
286 7311
2588 2391
4647 2046
2949 2217
3084 726
246 9057
1685 2869
2072 8857
4960 9035
2926 3483
3147 9245
852 8282
3068 7285
1967 369
2382 4796
2253 105
1989 7643
3750 9934
2492 4446
59 5348
2237 4426
3294 6886
617 1489
3555 8303
312 3
4037 7308
459 3847
1787 6322
4327 1851
780 5820
3149 5496
4745 936
2257 5577
4363 659
2968 285
1885 5842
1285 171
1635 2418
1933 4326
4891 6834
409 5825
3858 9472
4876 3092
3235 1824
1822 9696
1659 1060
1600 5840
3520 1737
1169 5760
4836 5374
4073 3666
4308 4875
1052 7071
2198 5743
2936 6587
3650 9850
3851 1660
192 8157
2807 9788
3266 1534
4047 4061
3075 6096
367 6124
3649 8787
2542 4937
4199 2408
87 566
4822 1991
4937 2494
2230 2324
1588 889
1871 7280
205 1997
3836 3532
2476 1382
3266 5027
3235 9209
3197 152
1665 1285
212 1198
4464 5340
3414 999
948 4369
934 6799
4006 4834
283 2377
2663 23
3210 7418
9 2347
1448 2213
2762 4427
162 4711
354 429
4352 4436
3903 6435
2138 3681
455 224
3673 6836
4479 5866
1225 1737
3593 6272
2997 2566
4363 5886
4100 4161
1373 3711
451 1729
2130 1186
3659 3058
2340 1264
796 6605
4538 8557
1130 3782
1611 1101
2559 360
319 3257
2593 2078
3307 7250
4477 1540
4470 550
1516 8702
4538 3648
1357 7126
2469 5796
2308 908
3168 1819
3713 761
1679 9276
2204 7412
4459 8813
1816 1225
3765 3848
4709 4231
3188 9232
754 4393
888 3494
1282 7831
2320 7975
4911 2670
2481 4265
2973 1933
2783 454
3984 7457
3025 391
3688 2244
2032 6917
652 1
233 7884
3325 1899
3084 7474
4788 2670
4411 3302
4231 6710
3502 3532
1016 767
3223 5544
4758 9869
2098 1016
1648 4765
1927 8343
4455 2620
1098 2768
203 9238
4723 256
4737 6081
3274 2719
4236 9899
2645 1503
2274 562
606 8182
2040 1347
1942 457
1152 4052
4063 3914
4209 1670
4088 4212
4456 4645
4929 7507
3534 3474
122 7722
3554 4451
1080 2271
3145 3289
1624 1497
99 1906
2654 813
3976 3552
4936 4469
2882 9419
2598 3347
564 3602
2565 6485
1420 5559
1069 537
101 924
2208 7218
4928 1976
2020 4459
3027 2030
4730 4092
4011 7168
1871 1339
3047 7440
1387 5988
4524 968
361 6236
4304 3515
3302 8290
3617 5434
4726 6744
4590 1787
3571 321
2321 920
887 331
2323 1764
4932 7502
2552 67
3057 693
1869 7818
600 9757
1199 2068
3742 8828
3181 2503
4595 165
3169 1639
3683 3112
851 9945
2460 3246
4743 7451
3976 3030
3632 2882
3621 1818
3117 2691
3676 838
522 5942
4767 697
802 7848
1174 2860
180 1952
4860 4515
4972 5444
3925 2114
1891 4029
4474 2387
2281 2265
785 8421
1482 3919
4007 70
3103 8888
463 1988
479 9516
664 3904
2309 2874
3753 1092
1908 5853
400 6695
2232 2651
2404 1710
3183 6351
3103 469
2800 9962
80 6159
98 8165
2184 1626
3760 1946
1660 3687
2907 8228
186 3577
777 708
151 2843
4669 4021
2104 3926
3703 1890
880 1955
4358 8439
1418 1470
243 6902
1599 6925
3399 8123
4369 8800
4647 6913
1473 5432
903 8214
3118 6860
3501 1580
1704 154
4464 1650
3748 5307
1449 2931
1544 5626
1976 1037
3146 166
1330 581
2116 2422
1697 9977
1898 1309
2565 4437
615 6047
26 4826
1597 7234
2161 7484
4555 8856
1452 5915
1460 5644
3612 5605
862 6522
4525 6873
1600 4277
1093 8559
1607 8147
2233 1894
3459 5211
3696 6302
1302 9843
4460 9864
2877 3891
2910 8779
817 1342
489 5976
2024 6081
3346 9808
4032 5004
190 9588
212 1698
3413 3996
3786 2316
2477 4028
2859 2274
4234 6053
1717 4924
3085 7112
2102 5126
1283 1425
802 5491
3359 7441
4039 707
4882 1035
4991 6920
4082 4804
2533 3893
4409 117
1636 5240
3528 4674
1796 8906
3683 8368
1550 7652
2246 4035
1234 9412
2288 1445
2398 7440
3239 2366
3994 5482
765 384
1947 1909
474 130
2773 807
4049 8512
1876 7184
1175 9649
4316 618
4857 7993
4223 944
2446 2847
655 9860
318 465
1157 2652
1304 4791
3498 3773
4082 1782
3539 7867
564 6855
1954 1488
78 839
4963 4971
3676 1215
4588 5866
1118 5270
2433 3211
2813 9446
334 4223
4771 172
2439 2080
4587 2436
2044 3589
3465 6453
3217 9252
786 5481
3989 5159
4087 1584
2321 9218
2910 5317
4132 7747
1370 6145
2076 6651
1012 6174
3127 428
3362 622
4267 4932
3118 5006
947 345
3626 9525
2627 3237
660 5730
142 149
4908 3605
2414 3260
3221 5419
4587 1229
1131 1088
3319 1720
2794 129
1474 2740
2112 1936
2242 6975
2788 1419
4942 4098
2054 654
2690 6329
3240 9304
2333 497
2990 4284
4673 9762
3114 3130
3251 1455
395 4477
2300 9899
4143 4853
703 3903
2591 7064
2396 2234
2482 7044
580 5080
84 5097
2526 518
4672 6053
4297 6580
1556 2143
4499 9643
3556 4808
2002 978
770 7983
1657 9228
204 7572
1261 2996
2446 7327
33 8524
4714 3698
70 2626
1293 9244
527 8820
3563 8879
428 8949
2142 8533
2101 9312
1907 6031
73 1453
1638 8877
3303 3234
3048 261
1486 9276
2101 1341
4192 1918
4459 5179
204 6248
871 8480
1588 812
986 3296
2468 5565
4061 4870
349 4505
224 6053
2352 4713
2929 4497
4582 6470
1675 8575
3760 6638
293 3323
2651 3975
3621 4505
1198 2868
4020 4862
1575 6021
4404 7871
2282 9028
3239 8170
4155 6445
258 6116
3311 2765
3418 546
2110 7279
2550 156
4428 9155
4069 3087
1920 1120
497 8371
4548 8507
2556 7740
86 8841
441 2084
1854 6577
2847 5513
2169 7381
2385 3906
309 3954
1890 5560
1775 2262
2991 1859
3881 7234
3789 515
2784 6961
1381 5456
2941 4904
2765 2068
994 3613
954 9095
519 2860
4898 2347
1773 6120
2750 9097
828 2336
3208 8139
2664 1811
1089 1452
401 6996
4822 3853
1995 4433
660 3658
1418 128
2553 92
1906 8475
4189 2352
503 9935
4186 6952
4088 4191
584 5040
1930 8302
548 2483
370 4573
785 4223
4618 6433
1919 8647
40 1960
3483 7320
4603 5198
368 5198
3632 8123
861 6215
1380 8960
4350 7672
4507 2450
351 7071
1336 7957
2094 5625
4221 220
1257 9140
589 8176
2072 6040
3913 4528
3628 2
2776 3000
200 3601
1786 7205
303 1492
2847 6807
1270 8451
1619 4472
3444 6974
4117 3740
415 7427
2817 9449
3072 4388
1418 2266
586 5543
2108 2606
2334 1712
801 3830
1587 1580
2418 2463
4317 3743
2488 2221
2443 6065
523 393
413 5749
467 3804
2550 3354
725 6748
4262 4597
3097 6150
1612 1198
4090 3229
2234 1674
1429 5393
144 5481
3614 6132
2166 4977
2471 3049
372 2891
585 8606
4277 3612
2928 5404
2155 1702
3483 4860
4252 9152
2274 9148
4310 8180
3595 8915
655 3864
2533 33
2032 5551
1662 1466
1738 880
83 5620
3642 8599
2143 8527
1673 7227
1934 3205
2895 832
1433 7554
4929 1117
2412 3526
1152 8961
4790 5976
2389 402
2106 1965
1722 9334
4892 2746
2850 4661
3269 2598
1915 3999
1499 6131
4475 2474
3035 9279
2281 238
2584 2389
2342 7237
2096 7882
691 7149
4421 8981
852 5392
2721 1118
1462 1670
4830 5275
549 7673
4557 4054
4329 9961
4766 7347
946 4449
1367 337
601 1178
2520 2414
4465 4542
3334 6528
2022 880
4662 9058
4157 7690
4845 987
2348 4071
4510 8149
4043 6018
3827 237
2172 191
3487 198
4582 7464
2724 7731
1456 8811
1721 4469
1204 8210
2182 2881
2018 2194
1962 2822
647 7065
4597 3549
485 2577
3466 5954
1165 2250
4383 6034
3970 1223
3480 8197
4736 2280
2480 222
1757 8360
1010 1953
2694 8168
352 7765
1398 2123
969 682
1754 5267
2144 7116
824 8828
4971 9832
514 904
1345 974
4333 5195
1527 3112
991 8871
3901 6746
3960 5115
3876 5451
2160 8023
4675 9411
1426 1140
1139 4069
4679 497
3311 175
1094 4529
1032 6415
1546 195
4952 6456
3412 4306
917 3270
4859 3663
369 2574
1066 2731
3079 3178
825 3369
1568 3460
1142 8707
128 2672
2477 172
1274 5854
2333 2518
2395 6128
3950 7557
1101 6825
4672 1892
1978 5255
2013 7830
389 8691
4922 7696
2883 535
1305 6245
3103 4655
2899 961
1559 7202
1204 923
4865 4690
3895 164
4074 3187
3805 9637
2504 8297
4888 3049
4934 6677
52 694
2048 5185
2384 6562
752 2249
3681 7907
936 3453
2896 5799
3865 4932
2773 5829
2500 1859
3444 8740
2054 63
1887 5067
2529 4495
3612 9545
4817 6165
1272 1862
4092 2319
1388 1481
3958 8537
2192 6059
4611 9413
2341 5019
3678 8622
2095 2724
2178 9944
1418 1276
1055 7484
3668 6159
4664 6452
4244 2140
3162 3378
4898 1853
4847 2229
415 205
2972 3406
238 3157
3792 6736
3523 2183
4134 2055
2706 4815
3092 3402
1571 1942
2301 9972
3781 1673
1980 9839
193 8266
1938 8994
4313 405
3298 9996
3488 7782
4235 4657
915 2569
494 2566
4273 7521
4337 39
607 1133
3482 9633
3735 7737
1288 300
1017 7889
438 2201
3714 9883
2921 4717
365 6469
3013 4268
3480 7628
1227 2810
2552 9647
1854 3150
2967 3027
2662 3944
957 552
12 5140
3284 5724
1175 575
4401 1999
3350 1257
2072 7319
1087 3276
295 5445
448 4940
3269 8759
1164 480
3796 8959
2896 4912
1294 1828
1222 623
844 7767
3930 6603
3372 1337
2699 2851
1579 411
1916 2136
4145 3734
148 8422
1573 7485
1643 5477
4049 4719
4462 236
1832 1521
3228 1685
2020 4348
3097 5191
2588 5618
4371 5343
998 4535
4796 8512
434 8750
2456 1838
1056 2353
3087 2165
4761 6421
1061 2287
860 2957
1344 1205
4698 4798
345 3637
692 2147
1175 2086
1598 3393
2288 7320
3707 9182
138 1663
2467 1854
3641 7538
2770 1998
1626 3070
3955 2533
4983 6417
981 5447
2467 3540
2900 1004
1865 9416
1163 4080
3240 8468
1281 669
4826 5901
4050 9206
2901 8504
4416 3780
1497 8284
4801 4327
3451 7964
1874 5317
2577 787
540 5303
4991 8416
1638 6036
2754 4004
2835 1837
4651 826
4206 9628
942 9095
1195 5831
3764 2418
4408 5033
2702 533
3204 9362
3291 9156
398 1789
3131 1262
1209 5699
3116 5266
2502 7775
3101 5332
1187 5474
3970 5600
2635 5511
4719 5085
2086 1417
2144 1654
267 5331
1289 8149
2347 1657
1305 8289
3871 1574
3285 42
2973 9877
4242 7314
4014 5011
882 3198
2244 7877
1259 1325
2458 1702
892 1160
1980 1156
3425 1643
4514 844
873 9635
4910 6898
4695 2489
1334 7350
4798 7806
3590 6675
1736 8807
2158 4058
1424 2042
2572 9231
2551 9257
4795 9106
1012 7552
1676 304
2263 2682
1060 2491
728 904
1350 8071
1627 5444
3218 2710
87 8803
4671 3303
3776 9481
4844 4907
2409 9250
2053 8088
917 7214
2692 4001
2288 6364
3055 4181
2050 7786
1281 4871
244 6972
3739 9295
1774 3563
1883 7695
3384 224
2829 7032
3968 8401
1378 6765
4403 5771
1111 8600
399 1266
3359 5725
1512 1572
771 2012
2145 996
2945 6266
1166 1334
1387 9218
776 2582
2154 7095
1809 6670
3530 2430
2961 7351
759 8058
3095 3808
4017 2216
1003 8509
932 4524
1132 5633
26 315
3950 7376
4053 5243
2590 1054
1920 7624
1313 3724
3014 2152
4834 4612
13 7969
2370 7443
4452 889
1525 9126
2283 8750
2011 7064
4241 7096
948 1803
2636 5676
2063 5781
3996 5746
4268 8909
4577 1593
1497 9238
2607 553
2586 5163
1599 9417
4781 5275
2544 7650
2853 7672
1269 852
1436 3306
4048 2120
343 1817
2655 3045
4821 3323
1327 2007
536 4011
3071 6573
4247 5163
4310 9201
4779 9611
2615 5374
4816 8474
2587 3341
358 2796
4112 1232
1033 2940
273 7491
4358 3748
2989 2976
2600 908
2597 9170
849 1183
2728 8076
2916 8564
122 1450
1243 1115
1237 40
3068 5686
1829 3250
210 5258
563 8204
1825 4390
298 4787
385 1380
1550 547
1743 7693
2982 1595
2553 4354
1655 7214
128 1992
1739 5403
1931 5780
3953 3215
1633 2119
1143 9113
391 4923
4846 5679
267 7103
2901 3103
3704 4832
2864 4744
4564 6633
4586 5626
342 4859
1265 5163
11 7328
3321 76
4682 6045
2260 4763
807 2935
1632 6346
2310 4599
33 7632
4857 9856
1553 9679
1947 4400
1469 9078
2645 6166
1978 1287
1264 1443
1288 1467
4893 1940
421 2005
4154 7295
1501 7381
694 2619
793 2350
1959 1733
2509 3641
2825 1376
1655 3739
2329 7789
212 5429
1307 1292
1117 3355
793 258
4227 5735
4141 1451
518 3102
1193 9553
4796 9363
4597 9453
3584 971
449 2878
4201 6113
140 6952
3302 6491
3260 7343
254 1277
4606 2500
428 7516
3448 9327
1434 3173
3093 814
789 5567
697 7484
1346 1838
2325 1669
1896 8042
1782 297
350 288
1505 5664
750 5591
4426 45
1066 1398
333 2374
4725 4211
2172 4082
4270 9055
3051 468
3105 2512
3216 391
3126 8767
4654 4059
1238 5844
1772 5359
1203 4238
362 2079
2951 5143
1708 3056
2664 6168
554 7913
4058 7561
3958 4597
2942 7019
127 1878
730 4569
1654 7756
3192 6940
4400 7974
124 3103
2428 9608
1392 1635
2189 1789
250 8468
569 2639
608 1563
3299 982
4867 3668
4758 3885
434 8003
867 4763
1624 7747
1269 928
145 1519
347 7486
3457 533
4806 6459
2789 8983
131 6948
3222 8100
1595 2467
4307 6391
2569 6164
518 7854
1804 1301
811 1309
1086 940
676 8340
739 8669
896 4959
2246 460
3069 2524
3385 9504
3347 5618
2140 7961
3835 3024
4952 1924
3176 9524
2172 4604
1309 6350
751 6370
3144 6307
2567 6640
2469 6326
2794 7147
2901 5316
4123 8552
3256 8222
4463 6976
2097 941
2136 727
3754 6977
2001 1193
4944 970
1348 5701
2767 2907
1841 6031
3121 732
1367 5729
747 5359
3584 4401
4161 3477
3736 8905
1939 450
4990 1747
312 5486
6 467
1570 4605
918 1706
3418 2498
3608 7112
3509 4959
3200 1858
1438 9616
2278 9252
1183 9385
1078 1416
3755 8700
2582 2456
38 4016
1503 1328
878 7086
448 5128
2803 2542
2231 5696
182 2546
1201 3053
150 1921
309 67
4872 6359
3292 7587
4144 7722
1667 5512
1307 2000
1428 1164
4327 7408
1194 640
1693 9174
3588 4748
4902 6635
4892 1107
2900 1315
112 3227
1234 4121
4304 4283
2975 7193
2209 9366
1926 4444
793 9720
4753 3833
1476 8014
1816 1097
3607 4779
2269 8012
1059 6551
2242 6411
4668 522
4781 7374
59 3899
3930 2175
368 2770
4145 5646
28 4244
986 5606
86 6176
2574 3647
3732 7013
3672 2005
2869 7943
4356 2698
997 2626
3895 6152
216 3934
1808 7658
34 6820
3404 2075
2111 3967
4560 6382
4254 134
2475 943
227 7193
3793 2026
4637 426
2992 9036
1533 4511
788 694
273 2245
326 6585
312 439
1581 3630
2767 7535
1219 4565
2723 8187
939 6897
1127 4276
4473 6641
320 6955
1283 2386
2671 9845
4798 4772
3968 3497
2709 3994
2265 6775
2229 2118
3852 9308
3940 5124
4184 2611
860 5141
1053 382
3850 1983
1159 3861
1988 867
4053 7053
155 8208
2282 6813
3813 3782
196 1326
1805 5725
1315 305
3927 1911
4316 7221
342 7571
4486 6873
2745 4675
533 2910
1102 2032
2526 5409
1957 3773
3002 9256
2137 8570
4422 9435
3914 7082
4825 6293
846 9079
3272 9018
4969 1572
839 8267
2251 930
3145 1704
4217 1559
4714 8310
2118 8573
3747 3697
1011 3655
3326 7204
1733 921
3778 4070
3679 7672
353 4103
2607 80
3256 3515
3533 389
2679 2870
4441 9067
65 3977
2852 3402
2270 988
4099 7660
3775 1757
2175 6329
4074 6407
1760 4470
3775 6407
3611 9465
2162 3403
945 352
4587 2028
794 7938
3674 2701
2 3141
2190 4356
2083 8722
4759 7225
2555 951
298 3644
936 4059
2182 8092
2809 2327
1573 9317
3374 1123
4685 6410
795 7119
4320 2740
1553 9171
553 7465
3101 2680
2431 1760
37 8025
558 9012
3544 2932
3044 2743
1942 5558
1938 2585
4320 438
1372 537
2329 528
1315 3819
2101 2133
1552 395
2536 3792
2395 881
2915 1740
206 8902
74 6565
4235 4678
4201 6461
2173 2389
4537 5984
2214 7623
3510 9273
2804 4987
4531 2006
1721 2663
887 8282
3579 5226
705 722
3938 7470
2466 5514
897 9517
4179 7744
2174 5494
1671 1688
4885 5247
4994 8018
2537 5581
3674 442
2004 2450
2660 3567
4002 7382
1490 1286
1969 4025
1644 2559
1732 4696
4788 2024
1929 2830
4031 9712
3110 7373
1945 7135
4347 9469
3744 9717
4788 9012
3652 8384
2150 2662
2397 738
836 5359
3789 9697
4258 1839
631 9424
218 198
1761 9359
3925 160
3238 7071
4205 8098
1559 8617
232 4230
3683 9423
3735 2339
2292 371
4616 4689
3045 7190
561 3083
3208 2132
1718 4741
2644 6814
1724 7952
3040 1207
4015 12
105 3636
4433 5630
362 3086
948 2498
1332 9162
1498 7395
595 3738
1747 312
4140 6885
1095 7217
3484 5573
2660 2595
4587 512
930 4879
1593 4089
3061 5754
2095 2439
659 9801
3209 2022
871 8267
1210 4636
2549 651
1264 4191
695 5110
1074 1926
479 3530
4432 7069
3597 7984
2522 7213
2100 9771
1468 123
1200 7937
1368 192
2635 3386
4340 809
4184 6550
1461 9071
1479 8756
3620 7497
1811 1217
8 9169
1872 733
877 9269
4777 5588
4443 8367
689 1595
4490 4263
1768 9210
1476 1127
1928 5497
2467 9359
505 7854
4926 6602
3538 7462
294 5024
4184 6257
2957 9150
1324 2179
3721 4883
720 5576
805 6333
3434 8424
794 8755
2373 4940
1204 7620
764 960
687 5952
3720 2009
1908 6117
788 2696
1158 973
1175 8879
4402 7157
4465 3092
4950 4993
1914 3604
689 990
3263 4042
3292 6985
1590 9824
3495 9567
3717 3700
1567 8932
918 1567
3567 183
950 7795
2700 2374
2110 1523
3518 9390
4816 8871
1555 7974
3118 7423
3942 364
2688 1336
4280 2400
2269 1277
454 7776
1020 5056
2060 5011
1763 5641
1831 7818
4095 734
1953 6324
2821 2116
3105 4033
1017 2324
1609 3337
61 7506
732 7230
3805 7834
2759 4047
992 508
3880 5039
1953 6538
1356 8198
3047 4367
1717 5557
417 1362
3724 3823
2878 2378
1195 1254
1292 5365
1495 7892
4439 8116
1996 3580
4901 1241
4881 1040
312 5284
269 6132
1452 5994
2497 8099
4673 6136
4008 848
2458 2470
1670 7632
3351 591
4981 2134
57 2847
373 4046
2756 4542
2292 7854
3314 3901
1268 5322
4285 3326
2509 3976
2340 9753
1299 2691
1442 364
345 7587
2884 5955
1685 8877
4050 521
3582 5271
239 1501
3484 7039
4716 328
1415 4940
4802 5565
1394 9973
3471 4450
3185 1777
4258 479
2425 7247
2962 261
2599 7191
13 3888
1819 4288
749 4192
814 179
1495 2693
3842 4943
3758 5577
10 4479
1942 7858
274 2601
4397 3959
2344 6425
271 8243
2778 2637
4273 7288
1802 1986
3981 5751
1824 655
1264 7421
1886 5584
1993 735
1082 1430
4828 5881
4495 4253
197 9811
4005 1950
632 5414
3658 8486
256 3294
3113 2567
223 1168
3146 6285
582 125
298 7604
3845 2583
2237 2200
1093 9044
4305 5772
4372 625
2141 2335
2921 633
3689 8524
1176 6166
496 514
1984 519
2491 3572
3859 947
2056 848
190 1308
4691 3125
1547 2007
931 7185
507 8444
2001 1769
4807 217
452 7710
816 1404
1513 2268
4301 128
1457 9811
3342 3911
2754 555
1967 8393
4811 5652
1071 9932
1922 2508
625 4581
2265 6917
4298 7166
4897 4358
53 552
557 5808
4171 7843
738 2116
4783 1163
3229 1827
105 5941
1822 5718
601 1835
691 9887
1607 6804
2760 9408
3840 5752
1926 4219
3883 8082
4801 1305
533 9623
1583 9583
1698 5846
1870 8141
3365 9696
3268 9529
4866 2650
2621 6860
1786 5089
369 6427
2535 141
1284 313
2688 921
3066 3898
1335 1474
4602 443
2640 2605
3514 2897
1693 3182
2028 480
65 2711
4887 4029
3641 5790
2465 4613
1818 8530
1444 5663
4710 31
4886 9007
169 7583
2462 7212
1075 2260
2195 5205
2039 9539
1567 1600
2572 5027
1108 403
329 4375
4398 3959
4262 6216
3137 7977
192 8023
1212 1666
1878 9505
967 410
3018 419
2120 1864
2650 2768
4324 1853
360 417
117 5219
638 6732
2319 944
2182 6489
3967 1631
2449 2193
3038 480
678 8759
3898 2190
2365 699
3005 2274
3941 1741
3211 4774
187 9967
2742 2253
2971 4558
3236 8033
4012 2754
4412 6269
4080 5268
996 1341
1809 9392
3342 4018
3546 5883
2885 9738
156 390
563 6879
2680 1044
1596 7614
1237 5464
816 1100
2282 1235
4156 8004
4238 4957
2219 612
982 1793
4812 3833
535 894
3540 6087
4501 1098
4021 3262
3819 1066
974 3177
4948 1616
4533 200
2937 1045
4154 385
3363 4583
270 5075
212 8148
3349 3803
4353 9863
1135 6299
4707 1650
893 7015
1823 2669
2314 929
2042 4318
4888 4648
2424 6074
1741 7101
4775 7595
2213 470
1096 8691
1970 5638
414 703
1488 8508
4394 4303
3150 5147
525 6789
4283 4427
1455 8812
1933 7357
1401 3611
3496 7605
3830 9754
4868 9331
1895 1716
2224 82
1327 1438
502 5301
3979 9479
3103 222
39 6496
968 1537
3773 3310
2597 4313
4151 4302
1741 9145
823 8120
4070 9494
3852 9015
4723 9891
1792 3576
267 5245
1409 7265
4580 6120
165 7668
735 41
4497 3316
1630 4774
3658 8390
3035 1034
1093 4940
3067 9342
4357 3358
4427 2292
916 4010
1809 5462
1548 1822
2430 4815
4661 3331
4843 9367
42 1405
4706 9125
1407 5424
3566 1680
1206 1077
1110 711
506 7549
862 4674
1171 549
158 9112
2180 5914
790 4706
4433 1439
882 480
3677 589
3859 8298
875 8699
4183 1466
1451 4510
442 9992
2559 5058
2877 598
1582 9978
310 9390
553 7252
703 7592
4077 4160
1027 2736
5000 355
566 5064
2015 3783
1125 2618
3975 2197
1111 2192
1811 7750
82 9431
4518 9734
2704 785
17 1098
2451 8650
1375 1204
3279 9278
4006 4740
1575 1113
1225 5601
3043 8687
1972 8680
296 2941
1312 7492
744 8191
2872 1647
2236 1700
1234 8072
1040 4191
242 5270
4094 2367
3700 316
3413 3009
873 6365
650 3380
667 7153
2112 1533
2884 3769
261 2940
2204 6512
1117 255
1522 962
3586 2182
1445 8753
572 9335
2659 6182
2902 1363
3873 4373
2713 456
4548 4308
629 2296
4312 6861
2653 4922
4519 9633
1298 1664
3860 6896
1875 6473
3920 5943
2740 2711
4541 9561
3372 9267
2474 5777
1771 1216
1662 5030
2796 6125
1944 2096
1351 4303
2190 1210
2858 7471
3684 9577
2849 5679
840 2620
2676 531
4428 3397
232 2638
2268 8455
3752 3706
328 4255
2758 6716
4187 4120
1356 5655
3173 9818
1816 7824
2758 6866
1464 8930
389 3464
4586 2467
56 605
3719 1718
1676 1156
3528 9459
1488 5267
2105 4132
3365 2841
4846 801
920 3650
4404 9214
4851 281
2953 499
3520 2365
518 812
1680 9415
2571 4258
1308 2411
4052 6619
265 8077
2555 2653
4185 6
2134 3161
232 9319
1179 9461
1988 4733
1257 2570
97 5622
3153 9184
3172 6419
2612 1302
2806 3806
4798 6966
1747 1469
500 184
4067 5736
3634 3686
4697 88
856 3473
3315 4192
2366 6834
2105 5889
3477 9859
3001 7928
4432 1647
4993 6843
3651 342
519 9572
1722 5718
4182 1388
3198 7431
2922 572
12 469
246 2032
294 580
3732 4525
941 9039
3333 3045
4775 2513
1921 1384
4038 408
2385 7165
2850 6246
3074 5138
192 394
3237 3184
594 4511
3174 8978
2401 7363
410 9767
4088 8362
1876 8406
835 8644
1161 6770
1104 7564
3418 8430
612 7203
3330 7250
4969 5693
233 5487
1751 9018
1424 9744
1681 9335
2670 1137
137 7942
2651 164
886 5227
1339 2178
1205 7433
2892 7807
1726 7645
3860 4225
2489 216
2005 9906
3081 9891
2186 1092
2639 7134
1375 1364
994 3721
2459 1026
557 4999
1249 9200
2649 3488
2752 3209
4837 1942
3720 6005
4219 5450
2278 6026
2702 4079
3866 9812
801 1183
3934 8984
488 1198
3609 2981
1917 6780
2861 877
4620 542
1678 259
184 9983
2181 2660
4746 4083
3955 1387
2239 6508
2514 6576
2905 8177
560 9057
2289 6443
1445 1684
2627 5186
464 6939
74 3224
700 3945
214 3028
1225 6900
1539 7153
4960 9947
341 6056
1263 1386
1680 7484
1606 6876
2756 2804
3321 7136
553 6446
2191 5503
3847 1218
4930 2989
2706 597
3768 7278
460 127
65 9019
3611 8575
698 8277
724 3741
3426 2537
2824 6800
867 7253
3303 241
3499 2650
1378 6496
1843 7778
2565 3398
120 2756
4828 9275
1360 3413
4869 8728
2959 2225
3839 9583
2203 6347
4698 2234
3884 4321
959 6786
2577 756
2520 1985
4799 2679
1091 265
347 4101
1892 582
3729 8039
2001 2466
1509 1446
4881 2168
323 1230
207 3883
1555 9412
4684 3079
127 858
1915 4296
2751 4225
313 5978
3813 7870
2101 7025
1917 3855
172 5307
1343 5279
864 4514
3752 5960
1633 8534
4925 3689
1780 3546
4033 985
1108 9805
3065 8139
374 92
4447 8291
1282 2150
2252 9047
4590 577
3970 7449
3837 3787
1432 5556
3601 1523
1358 8100
420 1289
4652 9131
397 7939
1959 5602
785 9618
964 5101
1024 6693
3919 9074
1953 1340
1414 7211
4825 8623
425 6314
88 6991
2053 4589
2940 7965
1338 7266
1234 9723
2514 8956
3978 2032
3619 8822
4691 1712
1670 7015
2399 522
1160 6487
784 1908
1017 5234
2379 6164
3940 139
1980 2336
1382 8274
2690 3913
4435 3881
3228 2963
3869 4739
3220 856
1038 9998
4035 4493
4224 4866
3045 2533
3202 4234
2622 8661
4830 627
1838 1033
905 2403
2801 9221
483 7148
1666 2269
664 9393
3017 5960
1966 8232
4898 579
2743 6737
1416 51
3945 1510
353 4813
2509 1507
316 7321
2813 1079
1633 6660
4753 2075
2768 7957
540 3619
300 8771
3242 3507
1377 9044
2405 292
1332 1897
1536 4903
1362 7992
4579 1674
4492 6746
816 1288
337 8359
3974 6149
3508 9310
2116 219
720 3610
4552 3038
4033 9217
2425 2487
1012 62
3673 1951
3154 3874
2879 4154
866 6070
2220 3030
1709 3316
1365 356
1621 4231
744 2806
4216 848
594 7850
3497 4923
3944 9862
4384 7777
1669 8084
3787 5006
1076 3344
1541 8406
2046 704
542 4020
3085 5123
3796 5107
1130 8205
4496 5537
2372 5426
1588 5969
2595 2544
1563 5391
2492 8723
3417 8681
933 5843
4029 156
1108 320
980 2989
3043 7953
4009 3562
742 4905
321 5536
288 3659
1755 3165
3763 256
4536 9432
958 135
615 2192
4092 8892
1509 1763
4451 2331
2995 5473
4314 598
3736 5183
3079 4166
3504 96
1647 1199
4701 8081
1591 3800
349 6147
2171 9257
1980 8831
565 244
2740 1717
2224 7049
1811 6918
4653 7909
3332 1827
1894 1003
1455 5381
4169 3095
3197 3774
2376 8542
895 1823
454 3961
1927 5500
2204 5188
1689 2893
2262 754
4187 6806
1023 1747
1323 5178
3244 2889
2920 3147
167 9607
2491 9573
3763 3979
2487 2892
1320 5037
2871 1442
4335 3272
2295 6990
1896 9290
1439 7642
633 567
4203 5051
1979 8946
4821 2103
2896 2446
1031 8737
2807 2513
1812 6584
811 8154
2167 3266
832 4501
1750 1683
3888 1885
4728 1762
557 4674
2852 1934
1768 9611
660 4956
1698 7549
394 1621
2784 4476
1634 2654
836 7074
4928 839
1306 6910
2187 7160
1776 2622
2587 120
4042 8208
1119 4017
1461 9093
3098 225
2722 4375
1126 9778
1909 29
2209 492
3590 668
624 5400
935 4209
665 6824
3904 860
2733 3286
3976 9727
358 2699
1229 4440
3598 6097
4158 7706
2120 9803
358 1299
98 6451
4459 7337
1675 5540
4728 966
3057 6697
2136 3318
623 1861
2069 6111
2613 9573
1304 6321
1744 2659
2849 1037
684 9564
4392 314
3711 3556
1437 1686
3999 3896
782 3994
4583 4725
1583 6337
3686 8247
3055 7371
248 1637
3000 2557
866 395
3287 2011
2808 4375
2805 5016
3361 728
1957 1357
1669 4436
3063 1257
1181 7482
732 3000
3965 535
1043 4310
1958 2668
732 2278
4998 1903
4330 1118
692 4881
4574 2117
1854 6753
970 8881
1773 9583
2835 986
1412 995
2236 595
1925 9023
982 3690
3933 1058
4268 5133
1481 7327
4022 1359
3641 1245
3500 971
4451 5840
4397 5529
3803 9832
1488 6159
2993 2568
2060 154
2828 1850
3531 8541
1206 2321
1092 5576
1912 5519
3385 8381
2792 3272
2438 9807
1559 1078
1684 5084
1432 2526
4876 2381
3582 948
7 1403
1021 875
3086 5524
2955 6751
4190 6654
928 390
3510 2811
3637 7668
4260 9118
3353 6302
76 7454
842 1186
490 4680
1154 3413
3251 841
2199 3037
2607 5724
2319 2144
1186 8401
3307 9979
4027 5823
2156 2696
268 6955
2620 9626
4259 3433
3095 3131
1688 4307
729 8649
4104 7544
4529 4492
1881 3094
1206 7403
2408 2955
4209 4927
2287 1960
4244 1415
523 5192
2881 5150
1285 4207
686 810
4487 8438
567 5222
1609 5014
2701 8915
2140 1411
1629 7130
480 4892
2700 9878
4033 3487
4778 5296
1903 5090
3900 2074
3198 4928
3559 5647
1066 5408
738 1770
4783 7804
1787 7719
2065 8865
2084 4728
720 8882
2223 7449
3878 9394
4856 7430
307 5969
2971 5771
3968 247
4261 7499
307 6223
1039 5765
2539 1574
688 356
4261 5156
4698 4982
4862 2553
1449 2736
234 2508
3543 784
2564 2704
1395 4323
558 2841
194 5320
3699 62
87 6068
1076 1294
1864 4599
448 5592
65 5551
231 8981
4173 6124
2465 185
2745 1347
2042 1402
1443 1687
3305 7264
1579 5957
1154 2030
322 2127
272 111
1680 60
1767 613
4506 9389
2425 7758
3404 867
4279 4952
4242 1167
2458 4967
166 106
3474 5700
2013 5622
1831 1224
2986 2260
1126 793
312 3592
1911 5076
2658 746
1309 1212
2133 9359
1221 3009
1321 8183
3955 8069
4171 9352
4241 5819
4519 5851
3897 1025
2732 5573
3452 9072
4272 1529
1548 9105
2894 3563
2496 4274
2716 6072
1206 8377
4306 8485
4710 6457
2208 9445
3851 1587
4080 1903
637 7998
1620 9327
3646 6794
777 972
3066 1009
1332 4890
4994 3503
2187 7873
3258 7204
4327 8509
3393 5655
816 8887
346 5085
2770 7732
3993 2554
2087 3725
4055 2472
2830 271
1794 8982
2482 4931
1223 802
1678 6305
2241 6010
1471 8800
550 8000
1042 8897
1848 380
2312 7437
4010 518
3558 7884
3675 6276
2170 7240
2024 6544
1124 5089
3917 9054
1649 2546
827 3468
3366 8100
3337 5211
4259 2306
3076 2670
1421 908
1513 913
208 7456
3397 7323
133 1413
3699 6310
4073 3018
4957 463
1718 4719
2094 6729
3470 8130
2672 7591
4997 4365
4298 7946
2686 1869
196 2935
2872 5510
533 6637
1779 1478
1861 6405
1366 8824
831 2779
3394 3609
625 6348
3677 1232
4375 8288
3368 2441
2132 1930
713 5859
3179 2078
4120 4651
3086 6851
1116 7576
2396 5192
1758 4024
2336 1612
4441 7291
3344 4056
967 3551
1915 3728
3840 8459
2542 8267
2623 2689
2473 2654
2973 637
3469 6495
2322 4259
3577 2649
4648 6504
486 5244
4579 7759
647 4199
2086 1287
3245 9544
3480 1059
1298 2306
127 6906
2653 2225
515 3600
4309 570
2542 4053
697 1111
2979 6284
3622 3201
2509 63
2459 2014
3297 5633
4970 1758
3110 5348
4048 9665
1155 3564
2439 5355
3234 4372
4497 6746
2717 8048
1145 1127
3502 8130
3588 4091
4243 2768
1990 8789
2585 6086
242 8985
1200 1512
1369 7594
1864 5147
2999 3099
4538 484
818 7395
2706 8721
3837 2207
1828 887
1604 7181
476 9420
2913 2934
3426 4966
3638 1562
2774 771
1732 2355
737 8474
1028 6883
3244 6418
3315 7855
4940 4914
4267 9281
326 6185
704 4472
144 8959
3896 8995
865 7307
2639 7854
2001 3350
345 9387
4820 7616
793 3188
1282 1585
1946 2208
2691 2195
3020 1893
66 1934
1274 2046
4495 8596
1097 5964
1889 15
1883 8705
1452 2311
3237 91
1135 4840
4006 3694
3241 1251
1097 5269
1910 2356
548 8026
1724 2180
2802 9732
1779 3072
2678 5825
4156 2314
2521 4596
3216 6558
1246 5856
725 6712
4452 7446
1693 8340
4404 1627
3639 8070
3980 3406
3082 1515
2842 8969
175 5071
389 9685
1639 1840
4440 6467
3261 4835
3984 2072
4437 310
3857 168
4324 6694
4228 3207
1466 6434
3676 6667
1622 1135
585 3430
2728 3470
492 7076
2885 6235
4476 2783
3670 2662
4872 8923
2378 6487
2694 3887
558 3902
2868 3232
2362 8505
4781 4453
4638 922
1846 774
1644 8040
2489 4966
703 7381
4746 3491
1309 2799
3032 2155
3289 4715
174 8322
2084 4895
667 1025
1285 7486
391 4049
3798 1226
1527 9288
89 8357
754 9475
3707 4744
1076 8661
3792 8856
4203 2303
1911 3029
4993 881
2839 6389
3898 1663
4034 1585
2582 8263
481 4894
4817 3490
3136 3999
4689 6842
1932 3433
663 4011
1122 4503
3162 652
2938 2719
889 6704
4467 5252
799 1368
1592 2525
4715 3355
3196 9846
697 8633
3939 6406
2963 2604
961 7105
2692 4497
134 8367
1423 1957
4978 1709
2603 3635
1013 4706
874 5597
4834 3396
1858 1513
1285 1644
4187 5214
2315 6871
2698 1726
4377 4286
3997 9847
2864 8121
2696 3429
2127 1824
768 9370
2442 8050
4222 1329
1121 3609
1423 4223
1644 4221
3849 235
45 7016
3456 6463
2446 4378
10 5391
4213 7247
2207 5546
517 222
597 5839
4504 3378
1555 3106
1226 814
3813 2942
2223 828
1079 7997
4607 4551
1189 3014
3465 8363
1555 5431
725 2457
3864 5732
23 5983
1465 7438
1673 9415
2099 2182
4088 2895
1224 8500
122 5657
1974 1476
1278 820
2348 9744
1213 9578
4262 8052
3527 4619
2635 621
2065 6795
3158 9875
846 7639
4066 7898
4091 7310
569 3939
3559 8381
103 2760
2931 9995
4738 6488
1102 3415
4012 4160
29 7327
492 2875
1913 1170
3202 714
4689 375
1594 1511
4346 3040
1891 2246
3843 2810
1417 9150
3598 5366
3639 4967
4532 7916
4640 261
280 5966
1048 3348
167 3116
2735 499
4998 5383
4878 6261
2901 1783
1077 9814
3419 7760
4172 9372
850 5954
3249 1342
3508 7521
169 7145
885 5269
3490 6096
483 9506
3016 9588
1284 3402
3655 4965
551 1073
2177 9687
1014 7970
2247 7753
122 3825
797 3874
2271 6848
1714 2300
2289 8806
2077 421
191 1804
4062 6628
3615 7050
1828 1497
4115 7474
1347 4104
1571 5738
1425 3592
2187 3184
552 6551
669 2473
4006 4992
4650 8427
3427 5903
1406 8556
2939 6100
33 1803
2870 9975
3509 5293
4516 6171
2172 9146
3180 4006
2450 1625
142 751
124 7273
1336 1225
3743 1394
3390 6607
4003 9227
3742 5984
945 6397
3683 2894
3003 7912
696 9745
924 5685
1535 7041
48 8907
258 4548
4509 198
2666 277
3537 2917
4750 5046
2181 4723
3663 4471
195 5080
4513 167
3461 5632
2052 1386
4470 5613
1524 1643
780 585
4622 7716
2878 9006
189 3868
994 6601
3451 4225
523 8396
2451 5079
753 4116
2423 4511
1401 2954
1333 9867
1199 3245
4216 9568
4185 3216
3612 4093
462 9872
3937 3676
1342 58
4316 3894
387 5194
2075 2060
1417 2054
3759 6643
1690 9372
4623 2831
1342 2649
1298 4756
33 3741
3693 73
4140 1867
3950 2078
3745 1572
1992 3343
2201 1046
2721 2042
2024 2321
1000 2349
2636 7835
570 8851
3081 5045
3103 1873
4281 1262
2472 8299
3298 2534
1356 5709
2408 8309
3268 3303
4101 1228
4187 4248
2758 2716
1450 2286
2704 775
43 1069
1674 5284
2980 9071
1013 2134
2518 7019
2794 1487
2191 9448
1794 7025
3197 1155
2604 2118
1564 7567
1930 5296
2737 4093
3093 2483
1360 6861
3923 9794
1371 7140
1037 1239
2588 8462
2966 5319
949 5525
1 4389
990 3714
2178 3830
863 5732
1656 2933
4271 4623
2329 7752
3284 2455
2135 9523
3739 1789
1337 603
42 8585
1541 3677
4732 3672
3884 9568
3293 4824
2871 1097
4214 4866
3569 3246
52 1703
4805 5996
1628 3551
4553 716
1050 1853
1586 1380
4146 8583
4763 8107
3998 8068
2848 7871
3482 7911
104 5226
636 4219
3379 5569
2639 463
2551 3087
2650 3205
65 4914
4309 1686
4787 1061
1380 1144
1465 3966
4111 2546
4248 1960
232 1198
4632 1923
2183 2640
2657 155
346 3191
1813 1831
1313 3554
2101 9315
4594 6245
2071 7823
2792 1852
1677 2105
4737 2127
2865 489
4432 5542
3464 5500
1928 5455
2645 5075
4610 3118
2272 8668
449 3092
1774 7809
1252 979
2122 9872
2476 7008
4924 1228
222 8970
4729 6385
4475 4011
4660 6989
4646 2157
1316 1277
4086 2958
413 1094
2117 2855
3299 8757
4624 2681
2941 3193
2743 3369
4446 7456
775 9086
4346 4463
2319 7912
4215 8422
760 5107
3497 5106
2489 7997
331 1061
2361 6004
314 2115
1486 6387
3092 399
598 5359
2 8806
2044 9613
602 2905
789 7942
3832 2465
235 109
4029 878
4953 3905
408 9313
3273 5230
501 5835
1995 5993
2499 3108
3238 6507
395 5552
1756 1933
957 5536
4681 6854
4045 1813
1700 9217
2958 234
1625 8018
2765 6707
2462 3530
3666 2448
2205 7049
1515 5798
3346 4500
2665 4640
4933 5335
3646 9858
3834 3388
423 7102
4383 6029
159 8987
581 422
4077 8371
651 5119
3175 9771
4351 7288
2622 9112
2070 9366
4452 2064
2431 3277
2587 1807
99 7710
2679 5403
455 9812
2487 2826
4149 1865
1257 2915
4088 9246
2852 306
207 379
3241 3152
4036 4819
2172 578
1085 7420
88 6032
2082 3181
2353 6377
3232 2265
2558 1797
2597 5932
86 7627
717 7347
3810 4069
1765 5248
1027 9537
1926 2094
1805 4681
2284 1474
525 2644
1736 4707
1127 14
3018 2476
4828 1878
867 1423
4737 4023
3586 2188
1699 3721
2325 3714
1754 2137
3275 5397
355 7926
1712 4049
707 333
3288 4478
1432 9480
2479 2981
4970 2770
3849 6833
3418 2974
4973 329
370 7353
2407 5357
1886 8925
3183 5999
953 487
2868 4069
1435 7403
1436 1052
3177 838
288 5695
4725 5317
3812 551
408 580
533 9333
3149 1625
2326 6222
2536 739
396 5159
215 9421
4000 258
896 7239
3214 7511
2643 8262
3940 4470
4377 8907
2180 7163
3013 9986
4429 1220
3698 7868
3615 2159
4053 927
2902 9063
1244 2348
3473 417
2335 8690
4227 802
1838 4193
3802 4916
3436 865
4102 5624
4162 5396
2980 29
4983 3385
4531 2578
254 3810
2063 5976
1705 8505
949 2604
3429 4030
3214 132
4973 3044
4815 8504
2124 2365
4775 4579
3813 2867
3 697
1549 1449
4055 1147
4867 3777
3054 473
190 4031
4428 2248
2761 349
1146 1620
723 2384
1314 7943
4866 2700
451 2491
864 1988
3095 4972
4318 8596
1763 3058
249 3586
4127 942
4674 9490
2670 82
546 6137
4384 918
4421 8053
2982 9144
1150 459
4054 4899
4828 4096
2329 7380
260 5276
4144 6441
1039 6908
2702 5402
902 8615
338 8317
258 4452
3091 3765
2521 8650
721 1034
4966 3271
4682 4767
2431 517
602 9456
3221 5882
4839 4346
1048 2590
2892 9504
1681 9491
2643 1451
1076 7024
3881 1281
3022 2655
4460 5977
2011 2072
2352 6286
451 493
4899 3570
4749 1271
246 9173
1717 2928
2181 8358
4282 7347
4425 9321
3419 3633
2915 3178
268 5750
4371 9713
4907 6459
1195 6663
1840 1660
3309 6071
2476 9805
4868 4424
4681 649
4626 4554
3066 9548
3989 9872
1788 5570
1719 5693
46 2222
815 3585
4901 3711
3242 1974
1171 8288
1446 9558
1761 815
4976 3360
3722 4129
3484 4458
3497 5796
1037 745
2262 9044
4166 367
1246 6338
104 5828
3129 978
2908 9464
3327 3508
2580 7223
4845 630
2102 9423
3452 456
1625 4062
180 9216
4450 7360
1631 302
824 4759
912 5858
3119 5115
3334 6877
2258 1573
2548 5686
1733 326
3595 5262
4594 5869
577 9877
4322 9273
524 2414
4879 1500
3386 3649
4671 2305
4211 9745
1523 1023
3401 29
4457 7645
126 6394
983 2185
1495 7728
1329 7780
144 4467
1076 1888
3024 6950
2468 3149
1278 7739
1483 8096
2652 1614
2555 2261
3291 3379
2486 6903
2424 6125
3828 5277
2853 6080
2501 1559
3707 1321
2239 8921
2646 9677
4474 9431
2385 5599
170 8883
3180 4998
533 6450
1139 126
246 5685
2857 5214
3185 6103
3989 2618
80 3587
2980 8041
4317 1000
3463 6282
976 9102
2166 2050
4052 59
477 714
2029 2562
621 8135
4549 9340
4782 6265
4159 361
1589 168
1515 2504
1881 5276
1332 1941
594 6364
2358 6451
3891 2489
2788 235
1695 8572
4729 2739
3586 1709
4149 6834
458 1382
98 5875
598 8247
3912 2329
4557 5147
1654 4626
962 5467
2209 734
1015 9889
2674 8497
360 5424
4963 2487
1689 8834
4314 8312
2386 9138
1906 4301
3170 7115
4406 881
3378 6048
623 347
4299 9038
3968 8396
4411 1855
2768 3076
955 2832
3127 5130
2621 6165
221 4283
1229 9948
4663 5025
2556 847
3876 9656
1701 5230
2047 5518
1226 6316
4685 810
2510 4409
642 7150
3177 9776
103 4175
1823 9697
2774 1749
2130 322
553 606
161 2706
3824 5767
3089 3054
2370 318
3691 6535
2718 6658
3326 228
2458 1756
583 3044
1748 8866
2062 790
46 7497
1954 8669
4719 1162
264 174
2224 1929
3656 5420
3893 3602
3520 2038
4509 3029
3173 6590
4003 276
4407 1790
4038 8857
4069 5943
245 621
3105 8666
2703 9223
1613 4378
4954 5282
101 2529
1930 5283
2647 1778
3157 3465
2233 9679
2309 7253
1642 4636
3070 6988
4204 6147
3256 4970
3216 3322
3678 746
4962 3394
3072 7636
2990 3441
127 6197
1340 4258
3407 421
1696 2988
3954 4933
4853 7920
362 6247
4219 9127
4974 3123
1837 5740
985 7815
200 1845
2480 5599
4066 8871
4267 6501
207 8922
3701 3403
4218 8907
3591 9190
2826 3938
1506 525
1387 7075
1460 7059
1790 504
4892 8577
899 5839
761 2295
1358 160
1665 20
2392 9058
2062 613
4312 3102
2029 1034
1753 1779
1458 6159
4990 4268
1694 1866
1315 7519
4898 4992
3333 120
2585 8957
4365 86
1464 2643
489 595
1905 3490
764 3513
3738 3018
1048 7475
1583 7869
3040 3778
1951 6920
3530 4530
2213 755
733 2461
1477 6375
3056 9613
3467 1744
219 2183
4102 4115
554 7462
3994 4593
15 1862
3078 6092
3086 9987
1187 7322
2720 1409
983 856
4024 7261
1417 8097
746 3475
2429 5791
4861 8769
306 9057
4758 5900
27 7453
3671 1522
3307 4856
4824 9328
372 2164
4493 7797
321 5753
1511 9542
1506 8376
1208 4211
4472 507
4073 9434
4330 7153
1278 9355
3760 425
4821 8908
1022 9964
2194 2749
339 448
2111 3966
4642 5658
1794 7280
280 8628
2911 2042
4672 911
1208 6349
2739 6474
2906 4810
3652 7092
2298 9586
1299 15
3328 638
2608 7206
2099 337
1243 6640
413 9434
3113 3717
1215 4030
3018 6048
3728 2213
904 5382
386 5556
3858 6358
1590 9675
1674 3265
4842 9664
3820 2172
3744 1660
2345 2996
1824 9924
1755 4417
3808 6683
2817 46
372 7318
69 3832
4081 7888
4364 804
4262 3999
1661 694
1172 4166
2878 2656
2757 9004
4035 5880
2844 2605
3761 477
3971 6368
2730 6635
4155 7801
1218 1068
1575 1168
3625 1361
4634 2497
178 6146
2514 1989
4564 7427
2085 4017
1014 4968
1819 7934
3080 9226
2412 9705
1351 5514
836 6507
146 8021
4387 4940
587 2536
1298 3284
464 3734
1595 9538
515 4168
56 7360
1102 3604
2535 566
803 930
1965 4302
3907 3242
3616 6488
1653 7762
1641 8095
2865 9015
2986 316
3630 8457
1244 3354
249 7917
21 3641
2975 4189
3191 6087
4932 1986
3508 2443
3469 7829
3361 6868
2355 6370
4865 386
4401 7902
2540 6403
1568 3626
1743 4513
4553 3864
1742 7514
4995 2750
2743 3968
2197 1018
2384 8897
2062 1668
4836 6650
1739 1210
4802 1912
4385 6151
646 3359
836 7637
3844 7615
359 1574
763 947
4605 2045
2814 1116
4607 2786
369 814
1559 486
562 8504
4156 1923
1893 250
4311 4872
2541 1090
1077 308
3760 5736
1470 9696
562 9899
694 7218
156 3099
2698 2847
1950 3192
3573 1681
123 1770
403 2217
2581 5763
1926 2199
601 8675
1383 6408
4228 9114
863 3967
4781 675
2246 7831
2397 7871
3613 4023
4420 2815
2551 1607
262 3062
4269 498
1470 2798
4578 1325
2458 9050
43 1047
191 7420
1892 1665
510 6073
2295 1360
3135 8633
3918 4049
3213 8131
3043 1164
291 9240
1622 4684
1325 5423
4190 2174
3257 9921
1436 2248
1671 3189
2229 4428
440 4815
4046 5820
123 9573
1812 2432
3254 1203
436 6919
1034 3727
3569 4154
583 2655
2797 4999
643 9721
3722 5356
3805 4763
2064 4914
327 6684
2322 5709
4435 2019
4252 1233
2572 3671
976 6231
3416 2807
2257 496
4117 1387
3823 1449
3658 7866
3773 959
2880 4621
2295 5029
281 1780
3520 276
3759 2792
4819 8435
3576 8560
3192 2359
3216 6104
393 9212
1911 7935
1341 2629
2109 8127
3093 6144
1188 819
3214 4765
165 2468
534 6353
3165 5492
2130 7542
1465 8447
3799 2485
2575 1262
2512 1911
2647 9358
2400 5240
3643 6673
2848 2189
4355 3572
787 3207
3155 288
3519 9641
1017 3124
3647 1895
3481 8787
727 5247
4868 2570
1232 7916
1153 5317
365 856
618 9603
2845 50
754 9175
3977 9073
1589 400
1432 7784
89 9579
1362 4298
1420 1831
4194 6095
30 7385
343 7416
2320 530
1436 7727
3413 5982
1407 1187
3808 4990
999 9555
1470 1192
666 1432
4781 2204
4141 9656
830 5899
3845 4008
3751 6884
390 3570
2691 7071
3514 6328
1870 4141
3852 8487
164 4111
1262 1455
825 118
1255 7074
94 6843
2049 8443
4059 1793
914 6018
1992 6519
2881 7837
2849 1954
36 808
2425 9227
4816 824
725 9973
808 2476
4364 625
4825 165
2206 1573
358 5032
3707 4778
2071 5842
1477 1189
4407 5932
4041 8777
3582 7566
2714 5467
3820 1704
2966 838
1488 767
3021 5504
1448 1077
1215 4813
2961 685
3182 4082
170 6029
4932 2012
2876 2084
3253 1634
3556 1406
216 8376
2564 1542
4274 5062
4782 331
3596 6185
579 8742
2591 2968
1108 1387
4765 8793
3039 9102
3145 2661
4907 2840
241 1161
2575 7722
299 815
1256 785
4838 1084
714 6363
922 4827
3850 9865
1907 682
2337 6661
2426 1044
1403 1301
4068 1983
1160 9761
1183 8774
1675 4578
3883 2137
4090 491
989 5635
4453 5357
2 8269
4354 2421
4673 8066
3767 3656
1569 7043
1282 4691
2982 2091
2910 9964
2030 2165
2167 6333
545 2029
2696 3298
648 3220
3539 224
2325 2216
745 1049
3884 4131
4074 8365
2776 4531
3471 9699
1800 3578
134 4024
1107 3223
2485 2855
1563 2725
2403 5211
4174 5090
4780 8465
3642 5522
779 9473
3770 3125
85 8429
4668 5703
4739 3867
3870 5958
3712 624
1824 4201
4188 6878
3346 767
3176 2863
2193 4342
4715 9346
1943 1533
3157 5878
4817 2988
4938 117
3949 2914
4777 8243
4923 79
4413 2390
1291 531
363 9240
247 2887
869 3722
939 9195
2079 5820
1226 6063
152 9947
3418 8614
2108 7050
596 9624
1111 9524
1181 2583
548 7568
1688 8260
2663 2886
303 5651
4952 226
687 9212
2945 4359
3748 6035
2481 1125
973 9770
4570 9245
1794 1110
2104 8132
1787 7807
900 6087
2946 9580
4407 1967
3619 3006
563 3637
867 5164
3054 2903
2303 5584
848 8539
2407 4191
3952 6659
899 7406
1489 3265
3260 243
2667 4381
4206 2746
4639 9222
4188 569
2323 566
2149 5446
151 5641
1566 4903
1439 9534
2568 4475
2586 2574
635 4087
2250 6637
2171 9283
1469 3519
2634 8150
3971 3997
4750 6943
1401 2136
3476 6966
4310 973
4253 2306
2740 3690
1752 1613
1457 1488
2801 9493
1062 3801
152 9827
488 5452
2573 5777
3805 846
4427 7256
1313 7051
3090 6808
4530 6294
2377 1099
1040 4365
755 380
610 6369
3866 2324
4045 7540
4330 8774
3990 580
1303 7500
1361 4903
3201 96
4299 6039
615 8127
2341 3792
4978 6043
570 4183
1084 4513
2771 7630
2488 9291
312 517
3347 2214
1331 6643
1795 1590
48 2294
2431 4104
2687 1431
2392 1048
4717 1985
1799 6085
2055 9107
3943 8418
336 9316
4483 7966
414 6759
3595 7030
1600 1231
2027 1209
1722 6853
381 4509
2189 6583
4969 6928
704 3347
2865 3041
3331 1525
1042 2896
1110 6989
128 8836
1150 8997
2160 4204
4464 7921
4300 8887
3496 167
1435 151
2588 9169
1887 5235
3796 2113
3347 1405
3469 1908
2349 5012
2151 9594
1104 6778
4748 7142
3149 9496
762 8785
2859 2417
3306 1923
3140 8517
3761 7236
2258 167
2575 3696
2586 3232
3063 6874
1159 4949
4158 7474
4114 2567
4688 3849
3369 7930
3863 1141
2006 8200
1733 2496
2250 5479
2676 4214
890 9640
3891 607
4880 7761
988 713
2596 4637
1380 6042
3925 4194
1067 3348
282 307
421 5738
4454 3000
1168 2434
2940 8347
2591 3276
703 1012
1197 7649
2710 1576
1886 5007
1613 6956
2787 7909
351 112
4412 6890
4091 4986
380 1939
749 6737
871 7732
2366 7852
31 182
3270 3401
2831 4218
2745 3090
2079 2493
3768 9245
1714 3421
4466 8226
1980 4843
2059 3155
1023 2177
1035 9623
632 8598
3721 3191
2990 3328
2578 2030
1171 7113
3629 2426
1223 7749
369 2232
4184 3650
4777 2095
1614 7089
1839 8490
462 8484
2774 8396
4349 8457
1060 9616
480 5014
184 8303
3002 4277
1953 5366
2662 4434
2960 7318
3037 4546
4190 941
3729 663
3064 710
1331 3810
1826 3884
3555 440
4794 7765
4030 535
167 2925
932 1354
506 6304
1402 1660
2587 300
998 9690
2983 2805
4514 6316
2824 8171
1514 7717
3198 1274
3273 4104
2221 2529
89 5262
2030 6021
673 4245
3515 9494
884 1355
1757 2561
1352 3740
200 2328
1724 600
1498 6448
630 5785
744 2089
4531 9171
825 7267
192 588
2743 687
625 1070
1171 6291
1392 1979
960 5715
4352 4465
395 1436
1354 3646
2977 7858
3272 2293
1850 1405
96 3937
421 4543
1052 1258
4907 5001
2503 5830
4504 7679
2002 4466
2216 1769
2033 8849
1518 7196
4935 9235
115 3960
4809 4457
3261 9746
4729 1769
2926 3669
1434 8318
2951 2133
2772 385
4948 1925
2664 1725
3849 8201
1718 8383
709 8478
4412 3757
1670 8761
1891 1626
3998 1229
2157 1351
861 5601
4769 3435
4694 2065
3058 1957
4126 675
1508 7601
995 13
4097 2890
745 4470
2387 8704
507 8042
155 2170
1519 8914
1826 7773
4595 8867
341 6685
4207 6709
4414 9107
4899 8247
3193 4448
4435 6897
3660 8594
1944 9611
3963 3269
3160 2380
1747 411
1544 4917
4085 9502
1402 8143
1469 5685
3306 9170
2275 4917
4197 3576
2577 2474
2364 6705
3799 8103
1293 2280
748 923
1699 3893
3694 5060
4919 4277
2116 1432
999 3623
1993 3265
814 8920
2131 777
2611 1730
2373 8759
1423 8688
3290 2936
4225 293
36 4562
3508 4750
4948 7860
2477 1637
3458 8722
2309 23
4238 4336
2661 9816
3944 6461
1179 7398
3550 3106
4463 3435
1020 9178
635 8215
705 3461
4859 6397
1871 952
121 1452
251 1783
2572 1682
1622 5733
1314 396
2907 795
868 6448
4274 3111
849 8943
2812 135
197 7845
2872 935
747 307
1326 9959
793 6304
2474 8193
1563 8747
4074 9705
3059 2931
3595 1366
2079 2618
1338 5424
2731 9304
2751 8266
2873 5372
3822 3969
1694 3049
1321 7046
3135 6798
1776 2985
3027 8597
979 8230
731 6673
2881 1589
1087 8194
753 1916
1675 8667
2330 7479
1442 9766
3414 7995
4458 3254
1676 1352
840 9965
3494 1550
3333 4271
1568 497
1410 4694
3563 1263
4143 7256
4328 3728
4354 2038
976 9168
1870 6966
1572 858
738 4819
1809 9397
1972 67
518 1971
605 7882
257 5047
3807 5758
4798 2327
1333 1610
137 8515
1321 4502
119 901
1099 2935
3648 4233
825 2387
4872 4095
2666 1512
1678 3358
4784 8045
684 1851
37 3385
1744 858
4484 7971
3450 8484
1500 6425
4351 7771
408 3333
381 1450
643 3885
1353 3712
4163 9018
2621 8670
4818 9723
1574 6254
885 5867
3789 2727
3726 6960
3524 8863
3917 9606
4627 3616
3391 7355
819 2302
4245 3420
2060 6663
2313 9024
946 7996
2204 163
3101 9632
3099 7702
2713 8254
2427 5893
410 9904
1274 8089
972 7197
3121 1343
2787 7010
2335 9912
663 6405
367 882
522 9702
2053 7016
788 198
3892 8342
2478 508
4492 992
3886 550
4562 5234
2403 7165
1129 2922
434 7789
40 7542
272 5363
3667 2440
2041 8167
470 5521
2952 6668
815 429
207 8294
636 2523
1505 3931
3221 3504
1551 8125
1067 220
48 4631
2817 2141
1988 822
1778 1779
1779 10
1572 8884
3009 3933
947 4656
4422 4
2864 9127
35 211
3539 890
3822 9941
127 9216
4202 1452
3181 5322
977 8134
340 7561
1684 7505
672 6846
4356 6928
776 6018
1969 3839
117 6519
2891 5091
1311 3039
4840 438
2865 3611
421 3217
3825 7703
4072 4794
769 8068
2941 9841
4849 2758
2608 2838
4913 1983
707 5037
3785 6219
2752 6276
2692 1326
3136 1956
3740 3227
2925 8950
271 1767
2414 8616
1243 1373
2129 3440
4462 1362
1046 2097
4737 748
1584 7308
2925 1183
3119 2360
1951 1928
693 661
3616 5741
3358 2493
4888 820
1867 2284
3180 8420
3800 97
2621 5466
309 934
2980 8396
3282 4653
1707 771
3638 7963
2293 6580
1770 1562
1632 1183
2633 7433
4226 8413
1339 1542
3962 2547
2442 2463
2105 8620
932 4565
3744 8054
2587 7379
275 7739
4994 1902
775 1507
833 108
296 7832
4186 8250
270 4858
1380 825
1089 1668
2215 5816
1250 9663
2466 840
2788 1093
4746 796
939 2809
1140 8367
4996 8245
1645 107
3037 628
1200 71
606 1041
3016 7136
1385 6655
4014 3324
3861 7051
4548 6667
889 7327
187 4255
2903 6553
2370 2205
3847 6235
184 3283
4414 9683
3821 8477
4598 2478
3740 5203
2128 5993
3795 3110
735 5880
814 1211
735 858
3713 86
2022 765
3660 5035
2050 2158
4980 5152
955 7668
4367 9767
3265 1038
2224 8091
409 3161
2261 3881
157 7222
4413 8466
3466 9132
1869 6253
758 298
205 7778
4337 800
1375 7604
1219 1518
4407 2335
223 6508
377 2018
3214 8812
2679 7438
3199 2685
3770 8273
1917 178
2340 4604
1961 6914
2700 4011
2674 4561
2409 5014
1371 2783
3858 1875
1636 224
4837 2159
3995 3292
3102 6957
84 2119
594 6878
1774 5587
1245 6034
2097 596
3473 5869
1917 1492
329 3837
4924 9289
1597 11
2203 5972
2606 3248
3684 315
572 9370
4624 8618
2237 832
4931 3125
2569 2482
4953 7537
2468 8612
1776 9588
1060 5709
2877 9033
3820 3338
107 2104
3088 5624
921 6918
618 9219
1908 3049
1037 1656
5 383
143 5378
2436 2144
1484 1123
397 8736
656 8480
4498 3018
2933 3283
2161 233
4903 8379
519 4312
628 2118
3229 541
1864 2
547 1665
775 8577
2418 7620
1220 3355
1974 4238
874 3688
4084 521
529 9134
2431 8733
4812 1319
2633 9692
2344 1383
385 9200
3079 1629
2608 9057
4582 9608
3537 315
3916 9868
3080 2191
1372 4084
4849 921
4932 1866
1997 7059
3847 2325
3512 5496
304 1027
470 1002
1417 3031
856 6504
1122 3700
849 282
2981 3067
1206 5135
3010 7137
358 6026
1935 9605
4294 2920
1898 7520
3968 9813
34 9134
3764 4048
370 9948
2927 4428
592 5027
2244 5176
3861 5284
289 3168
541 3667
4115 1477
194 9401
396 6652
4052 5749
1004 7411
2900 5459
2605 1385
1089 592
4444 4350
3322 5805
37 296
381 7330
4558 3383
4984 740
1575 5660
3942 1258
1447 3910
2724 3084
2115 1660
2068 4909
2067 8018
2490 6827
1597 1670
1677 4292
3735 2810
2592 3724
143 3463
1730 6460
2500 8511
3299 9069
899 2372
1904 3941
2619 6216
208 9249
514 9780
4599 4964
1499 5885
3731 5711
176 6164
3502 8850
3981 7820
4500 7937
2133 8225
389 4426
4937 4391
501 1142
3301 2449
4114 5311
2901 3092
2910 833
1673 1499
3461 4819
3013 300
1417 8072
3116 5962
2004 3905
2222 1453
2717 8389
975 5103
3080 7028
4890 1304
639 8008
1062 6172
1229 8285
3335 6755
677 6483
3912 3977
278 4402
2248 2535
1618 4509
739 4994
1359 7353
4659 7763
1037 1360
2182 4055
4721 1089
617 1512
113 5355
309 8347
3177 1274
3585 5867
1246 1184
2168 8902
4337 4664
1773 5846
1063 8567
4980 7251
4478 883
4955 23
1138 8841
1809 4035
41 4458
1765 6496
3211 9046
2714 2152
1390 6476
3009 5
1937 95
1384 3562
1968 3117
1082 9938
4367 125
2248 2325
778 7207
398 2418
1517 9161
1456 665
1967 6006
4910 1416
4341 1281
494 6361
3268 7115
2897 1802
3494 3018
353 8077
1001 7226
3834 8193
732 4776
565 5409
3412 7292
1277 9419
1326 823
4340 1331
4933 94
4093 6185
262 9974
1944 2584
2714 4672
1465 3729
709 9926
641 8168
2469 6551
3914 1516
1708 7215
3501 8989
4265 5899
4271 873
2604 2508
3147 4552
4873 410
1977 4393
623 2138
3136 6956
4602 1651
1087 4081
4565 9901
2131 2385
3908 3371
1604 8956
4504 9547
2400 6690
4500 6044
2452 9686
1440 1999
2184 1680
924 8897
3690 8849
4656 4968
1222 2285
3074 7115
4373 2068
95 4967
3012 9345
4893 6527
1343 4311
1448 1284
1917 2200
708 4534
4660 4137
2347 4489
3528 1362
2030 5755
1825 1578
4481 293
3899 8675
3779 2849
323 577
2987 6251
4254 6032
433 347
35 599
1684 9345
556 9272
4288 6433
592 7258
2187 5346
2573 3384
335 2210
4829 1051
106 7356
1638 6293
2796 7196
2095 7248
4049 5058
672 9495
2041 5718
4281 7282
2780 9755
1829 24
2609 7830
4640 8528
712 9041
3022 7593
1719 6043
3614 491
3354 4499
1528 3677
3247 9525
3083 8937
3673 7331
4858 9612
499 9016
4303 274
4655 1481
2561 6642
4007 1373
3658 9413
1724 2991
4124 3901
3565 7761
1557 4036
4475 8546
2896 2194
4754 4691
838 6180
2906 6423
4949 4633
4791 3178
2792 7470
1814 8132
2887 9676
1090 2429
896 2288
2981 9251
670 3356
2530 7193
657 7805
3299 7123
1686 3277
142 6879
4305 4265
150 326
2928 2869
943 9396
2129 3214
1649 7955
1255 6976
201 159
1529 9818
3525 8982
3532 1535
2934 6894
2610 4366
2011 9099
3850 6724
1507 2993
2658 9392
1155 1671
3555 5463
3177 9885
3324 1066
2208 1071
1657 1989
1422 282
3198 41
1354 6287
1894 7916
4441 5974
1577 1039
3451 4149
3653 2400
4681 6496
1467 9745
4562 3267
2134 6393
4991 2350
384 3802
587 3312
1398 3763
3567 1239
4933 8518
2981 9911
2181 3740
4379 1801
340 520
42 3190
1438 3001
1464 9109
3764 2724
1363 7025
50 5234
847 9358
942 646
73 6845
1094 1409
4725 8030
3232 7257
3877 469
200 4151
4347 5537
1918 1329
4866 713
326 9592
695 3575
1740 7714
437 570
1463 4394
1714 7894
93 7270
236 6783
1367 2409
1184 1142
983 1946
1332 4290
4535 1590
4683 9363
3484 4594
585 1380
4515 7763
4415 3663
4515 2241
3018 5093
4379 9113
2295 7037
2093 4098
1834 7341
2227 1538
735 7623
3536 3026
2752 1270
1547 1327
4457 8186
3608 8963
4984 7263
983 7012
1168 9700
369 1354
2688 267
1816 231
1568 4124
3126 5234
212 8448
3153 1940
3212 2779
3173 4615
3434 7016
1443 4236
2014 1771
1089 9532
967 7843
2786 4129
1002 1967
583 3782
3688 2099
2869 5884
3939 7515
4073 6766
833 3599
242 4055
3877 2935
3566 5587
1026 9009
2207 6787
1665 7073
1655 613
4325 1704
3522 8740
2701 7304
4524 3003
4842 6774
2179 8112
3625 3825
2741 8463
4283 2003
2364 2227
2267 8214
849 5724
1064 6600
136 8286
1460 370
2427 199
436 3141
2337 8835
3784 9110
1792 643
93 5116
464 715
810 695
3330 2075
1264 7507
1705 5329
1118 4221
3088 6796
899 2086
4837 5332
949 6198
220 8264
2562 19
4454 6936
3277 737
1684 5845
4043 8124
3454 1397
3878 5092
3041 5803
4833 3064
993 5063
742 359
2507 2554
1309 2402
4230 2893
3421 2886
1546 6770
4088 1449
642 2234
1170 7635
4886 4200
3106 8671
725 2391
1020 1169
4929 9832
3702 7338
4035 4270
4114 7050
1024 4894
420 9125
1244 4304
3668 4250
4846 1355
750 4576
2212 2913
1728 5201
1785 4982
1587 1500
2396 7063
1398 5173
2282 5256
3399 5328
2415 3087
1252 8510
257 5999
3713 5703
421 4663
2450 665
4951 6877
1171 559
1020 1061
183 934
1922 9446
1142 7068
4131 6078
2370 1609
317 3461
2340 7747
3797 7248
2602 4444
445 8967
1788 1295
4084 2969
2567 764
1925 7406
3561 1359
539 8830
3270 2280
2307 832
1851 4934
2138 5701
3873 469
2873 1206
4596 1642
3622 5323
1189 8348
4829 8877
364 8630
2862 5518
2250 1434
2225 3464
4014 7416
3711 8436
1998 3247
1339 3292
2841 2067
1474 5026
3507 1072
4022 2771
3288 4238
1177 8710
3236 1973
2504 7257
283 6147
165 4206
4004 3356
4770 7554
1515 5505
2331 3231
40 1636
2651 5730
3898 75
4433 1519
911 5459
2533 8883
2192 2934
2990 1643
3169 6400
3334 4851
2503 6927
480 3762
1837 1001
2104 5860
4632 2579
4268 3863
874 735
3498 730
4388 741
2698 9939
3927 4997
3029 6720
204 4235
2206 6721
2986 2660
271 1620
3105 5921
1607 4512
725 7098
2004 2086
4821 229
2404 3812
4484 391
832 5628
2104 7721
186 646
201 3775
3134 2673
3572 2053
2511 3839
121 1114
4268 3970
3289 5490
4659 6849
2148 2631
1404 5312
3122 7456
2930 4927
3520 3172
4069 8673
1653 2081
1899 4063
46 5208
4632 2350
1431 3243
2604 1263
3508 4842
4900 7526
3839 5402
755 9533
4089 2375
4171 2138
1230 7899
350 9118
436 976
4018 95
2765 2290
3380 4520
3582 2665
700 7807
271 8230
26 4552
3587 6251
1975 9896
1194 64
4864 5853
502 2131
3862 8380
3194 2607
3017 1130
4194 1185
3414 2111
3054 8695
1254 5336
4129 4377
2513 316
3930 5917
635 402
2304 6006
1694 9601
1379 1292
2496 2999
4609 5954
431 766
3182 7268
3754 1308
1416 4975
2457 5082
3026 1813
4920 6503
4278 5761
2104 5902
1905 1545
3062 37
4801 3026
4952 9911
1074 5543
4709 2693
66 7229
4061 776
482 4977
2001 5594
1302 1779
4972 2422
2231 4039
4858 2541
4823 1561
1735 8731
507 529
2020 8585
496 7255
2341 548
4311 3913
871 557
3107 6523
1328 9107
1734 702
4975 4462
3486 7588
2782 2925
1413 707
1556 3570
3594 7544
2832 7724
4474 2926
2227 5702
2539 5199
3078 7678
2474 7673
3660 1209
395 9269
737 7365
1465 2356
971 2287
4639 1115
1335 133
3134 3490
2119 5311
2160 7735
1515 5482
3124 8967
22 9412
587 8848
1610 2223
2067 9968
1302 5936
2865 850
3255 4679
3788 6955
1061 740
4632 7632
776 4040
2841 7003
1426 6314
2520 4413
2526 2123
898 7989
4514 7804
3031 1218
1545 6014
2481 1350
2564 3322
2422 5979
1242 1090
3471 1691
4630 4327
2610 3434
3176 6621
1101 502
4902 7964
4252 6419
1379 5913
124 2272
361 7332
4233 6350
1188 5635
461 7010
63 7550
2474 2088
3987 1388
402 5626
2140 5919
1453 5842
303 3532
835 7885
1281 1710
130 848
4442 7098
4946 3199
3298 1749
55 4843
3002 8581
103 2316
1422 2870
2933 5936
1009 4047
3517 8003
4066 1220
2777 7663
853 2413
83 7685
381 134
3899 3053
545 680
164 2331
1837 3176
3402 2787
4147 7102
1159 4509
345 9129
4679 9772
452 9522
711 2700
2493 462
1933 8266
2683 7351
2540 8617
2026 3117
4111 7714
2682 7033
3465 5867
571 3795
2610 7291
3175 2661
2965 5469
1080 1775
2863 6867
2925 4716
1698 1005
4519 549
779 5275
576 8884
952 1263
2118 3372
4750 2230
1309 9591
4354 7416
1867 4160
4751 6493
3871 7634
4976 7251
1188 3552
838 7054
427 2983
1308 3312
2783 145
4905 105
4013 2300
1485 6383
2643 1978
4072 7793
3272 9929
2991 5225
4173 9350
1705 2321
1410 1917
2305 6552
1004 8341
1764 117
190 9658
4494 5722
1542 1818
3640 2428
4401 3797
2660 3842
2825 78
1300 6621
117 8839
1888 2183
4250 8348
783 7727
3433 9087
4112 4707
2481 84
1465 703
3070 6525
1328 3445
4522 2665
583 5709
2308 4328
349 9216
1270 4418
2699 9183
315 1865
3677 8586
4401 4668
3570 8382
3971 9166
749 461
4810 2790
2805 3412
156 7352
4769 1865
2605 8148
304 8900
3534 8525
156 7352
