3
28 1
28 2
28 1
1 1
1 2
2 1
1 1
1 2
2 1
1 1
1 2
2 1
1 1
1 2
2 1
1 1
1 2
2 1
1 1
1 2
2 1
1 1
1 2
2 1
1 1
1 2
2 1
1 1
1 2
2 1
1 1
1 2
2 1
1 1
1 2
2 1
1 1
1 2
2 1
1 1
1 2
2 1
1 1
1 2
2 1
1 1
1 2
2 1
1 1
1 2
2 1
1 1
1 2
2 1
1 1
1 2
2 1
1 1
1 2
2 1
1 1
1 2
2 1
1 1
1 2
2 1
1 1
1 2
2 1
1 1
1 2
2 1
1 1
1 2
2 1
1 1
1 2
2 1
1 1
1 2
2 1
1 1
1 2
2 1
1 1
1 2
2 1
1 1
1 2
2 1
1 1
1 2
2 1
1 1
1 2
2 1
1 1
1 2
2 1
1 1
1 2
2 1
1 1
1 2
2 1
1 1
1 2
2 1
1 1
1 2
2 1
1 1
1 2
2 1
1 1
1 2
2 1
1 1
1 2
2 1
1 1
1 2
2 1
10 1
10 2
28 1
10 1
10 2
28 1
10 1
10 2
28 1
10 1
10 2
28 1
10 1
10 2
28 1
10 1
10 2
28 1
10 1
10 2
28 1
10 1
10 2
28 1
10 1
10 2
28 1
10 1
10 2
28 1
10 1
10 2
28 1
