70
90 1363
252 1321
739 1361
270 1423
943 1240
650 1242
503 867
280 552
610 1027
632 776
12 473
87 1317
615 683
795 1101
563 1102
402 1228
378 680
18 374
905 1159
499 727
479 1086
188 1304
190 191
809 1136
6 892
700 718
850 1099
169 754
404 501
1084 1215
724 1346
258 886
1121 1394
342 689
87 1315
238 379
381 1269
1128 1200
629 736
804 880
63 807
66 914
180 830
537 756
447 842
102 971
759 1158
633 1403
469 1256
5 1085
1035 1303
491 1072
36 457
948 1142
241 1385
544 1303
606 1051
259 962
819 1295
851 1280
10 684
97 398
649 777
478 1099
69 1360
124 779
728 1419
248 977
219 1378
1 66
